0.4999999920094052
0.5899118000383728
0.706299875944012
0.7325353133089767
0.6971461524401932
0.6447682098030166
0.654444545709357
0.6220787688687552
0.5727990113684646
0.522413177994078
0.4732120146944848
0.4273382020512164
0.38570729307481744
0.35665756238657326
0.32722966510114715
0.2987327620976161
0.27206175431535606
0.24746917489574788
0.26663379207116983
0.3060716835799199
0.4346049193571602
0.5313159855422218
0.55311694694964
0.6374906982744732
0.7286368799249298
0.8175634537299588
0.8948089813307757
0.9611544202397109
0.9840224047403408
0.962550543522118
0.9296511617735964
0.9315574730542964
0.9542488307851795
0.9481894917197184
0.9678664296315125
0.9349371199150681
0.879698463850773
0.8302235942693801
0.8455873143470005
0.8154359983170183
0.7733090801003926
0.7373918525163385
0.6933433531862637
0.6505944604674941
0.6028040513997576
0.5995736843985233
0.6399608653461336
0.7152530546820045
0.782872879192692
0.8497872522909364
0.8836633675988091
0.8603233143709299
0.8373754250011285
0.8685490504240758
0.8429316610377253
0.8693824509464791
0.8421314976545493
0.8434769113066003
0.8811527325752384
0.8577208036939384
0.8873241116865966
0.9060366025459263
0.9142333246963382
0.8755820734578392
0.8622697646729002
0.8888037449109734
0.9229852617451246
0.899447645124591
0.8468537190582012
0.7837324716570995
0.719244452997871
0.6832223113060016
0.6847946261810431
0.6722157151652832
0.6350473047460108
0.6100340668571698
0.6359786122788844
0.618177168496932
0.5812262852904566
0.6258483093925727
0.6168715101751066
0.6679900984990612
0.6607523853335492
0.6281323149631042
0.6234943711469674
0.6280712984731566
0.600544094778961
0.5797501933516083
0.580387221949022
0.6419941829039739
0.6395396282177478
0.6092383659935425
0.5732741818459861
0.569107419491069
0.5725460080299081
0.5556741499173717
0.5218137556999993
0.4871646164999242
0.4830008444589894
0.46240230083147915
0.4310987823555814
0.40920494765413806
0.42151099364288097
0.41011786693413144
0.39823907927898183
0.37394771692534423
0.4343881216862241
0.46371442722188333
0.48051349914849556
0.4790242225591349
0.49612173868604115
0.5674364068340693
0.6108891595477779
0.6013286229815423
0.6292543076965402
0.6118575138647897
0.5961124065016643
0.6332796221218435
0.6196939735128684
0.6140521714074163
0.6249765224917629
0.5999586367854532
0.5598735391427538
0.5192270852073995
0.5437459215250813
0.5387594472691913
0.5628925607371085
0.6017503357211714
0.6029035323088522
0.5744108569522131
0.5352960634333032
0.49193549886868837
0.45451262868029807
0.41691060184363854
0.37982487422116146
0.35824400630767117
0.4090593507825537
0.49999999207421664
0.6023835298934408
0.7185433515165958
0.7916099974599115
0.7706160314974775
0.7294859385813821
0.7382468927486432
0.7378437895584735
0.6976314240130295
0.6459848035332381
0.6742731967180873
0.7227699743558105
0.7762386428348986
0.7692147614428779
0.7982095624619179
0.7843003801131434
0.7674025985837932
0.728785217270024
0.6780711944606428
0.6243344221913267
0.6539764216188813
0.6903590950046801
0.6761896053084056
0.7162381650327962
0.7771239844585741
0.781456187797196
0.7566648220555245
0.7586383004116597
0.7991845826678232
0.8540264475016697
0.9073227453201617
0.8919408243652431
0.8738924820593652
0.8271404602416057
0.8004648240069732
0.7657672117285853
0.7796640078718727
0.7783286083383572
0.8029644049990958
0.7861328046758471
0.80203500545252
0.7742173436091042
0.7266841734668967
0.7419060525216572
0.7603502417862849
0.7939197820709406
0.7804032527194131
0.7931246726084624
0.7916212641595635
0.8199078729663565
0.8383114513436332
0.8150767864404829
0.8024634635638586
0.7758976907818085
0.8002456693393274
0.8449082256459584
0.8297937450726035
0.8333127700967871
0.8085708362153372
0.7943000232788626
0.7628802801504029
0.7835146810497239
0.8279687159266058
0.8368642633031863
0.8127050987602182
0.7640972063002303
0.7065049583698666
0.6476750056501979
0.5910457630723818
0.5394522029121567
0.49327639082777675
0.44971946582569416
0.47943270954867534
0.47471655482399355
0.5255136438460684
0.5429073843200451
0.5973112513068572
0.6127881130610447
0.6451152878342794
