0.4999999920094052
0.5899118000383728
0.706299875944012
0.7325353133089767
0.6971461524401932
0.6447682098030166
0.654444545709357
0.6220787688687552
0.5727990113684646
0.522413177994078
0.4732120146944848
0.4273382020512164
0.38570729307481744
0.35665756238657326
0.32722966510114715
0.2987327620976161
0.27206175431535606
0.24746917489574788
0.26663379207116983
0.3060716835799199
0.4346049193571602
0.5313159855422218
0.55311694694964
0.6374906982744732
0.7286368799249298
0.8175634537299588
0.8948089813307757
0.9611544202397109
0.9840224047403408
0.962550543522118
0.9296511617735964
0.9315574730542964
0.9542488307851795
0.9481894917197184
0.9678664296315125
0.9349371199150681
0.879698463850773
0.8302235942693801
0.8455873143470005
0.8154359983170183
0.7733090801003926
0.7373918525163385
0.6933433531862637
0.6505944604674941
0.6028040513997576
0.5995736843985233
0.6399608653461336
0.7152530546820045
0.782872879192692
0.8497872522909364
0.8836633675988091
0.8603233143709299
0.8373754250011285
0.8685490504240758
0.8429316610377253
0.8693824509464791
0.8421314976545493
0.8434769113066003
0.8811527325752384
0.8577208036939384
0.8873241116865966
0.9060366025459263
0.9142333246963382
0.8755820734578392
0.8622697646729002
0.8888037449109734
0.9229852617451246
0.899447645124591
0.8468537190582012
0.7837324716570995
0.719244452997871
0.6832223113060016
0.6847946261810431
0.6722157151652832
0.6350473047460108
0.6100340668571698
0.6359786122788844
0.618177168496932
0.5812262852904566
0.6258483093925727
0.6168715101751066
0.6679900984990612
0.6607523853335492
0.6281323149631042
0.6234943711469674
0.6280712984731566
0.600544094778961
0.5797501933516083
0.580387221949022
0.6419941829039739
0.6395396282177478
0.6092383659935425
0.5732741818459861
0.569107419491069
0.5725460080299081
0.5556741499173717
0.5218137556999993
0.4871646164999242
0.4830008444589894
0.46240230083147915
0.4310987823555814
0.40920494765413806
0.42151099364288097
0.41011786693413144
0.39823907927898183
0.37394771692534423
0.4343881216862241
0.46371442722188333
0.48051349914849556
0.4790242225591349
0.49612173868604115
0.5674364068340693
0.6108891595477779
0.6013286229815423
0.6292543076965402
0.6118575138647897
0.5961124065016643
0.6332796221218435
0.6196939735128684
0.6140521714074163
0.6249765224917629
0.5999586367854532
0.5598735391427538
0.5192270852073995
0.5437459215250813
0.5387594472691913
0.5628925607371085
0.6017503357211714
0.6029035323088522
0.5744108569522131
0.5352960634333032
0.49193549886868837
0.45451262868029807
0.41691060184363854
0.37982487422116146
0.35824400630767117
0.4090593507825537
0.49999999207421664
0.6023835298934408
0.7185433515165958
0.7916099974599115
0.7706160314974775
0.7294859385813821
0.7382468927486432
0.7378437895584735
0.6976314240130295
0.6459848035332381
0.6742731967180873
0.7227699743558105
0.7762386428348986
0.7692147614428779
0.7982095624619179
0.7843003801131434
0.7674025985837932
0.728785217270024
0.6780711944606428
0.6243344221913267
0.6539764216188813
0.6903590950046801
0.6761896053084056
0.7162381650327962
0.7771239844585741
0.781456187797196
0.7566648220555245
0.7586383004116597
0.7991845826678232
0.8540264475016697
0.9073227453201617
0.8919408243652431
0.8738924820593652
0.8271404602416057
0.8004648240069732
0.7657672117285853
0.7796640078718727
0.7783286083383572
0.8029644049990958
0.7861328046758471
0.80203500545252
0.7742173436091042
0.7266841734668967
0.7419060525216572
0.7603502417862849
0.7939197820709406
0.7804032527194131
0.7931246726084624
0.7916212641595635
0.8199078729663565
0.8383114513436332
0.8150767864404829
0.8024634635638586
0.7758976907818085
0.8002456693393274
0.8449082256459584
0.8297937450726035
0.8333127700967871
0.8085708362153372
0.7943000232788626
0.7628802801504029
0.7835146810497239
0.8279687159266058
0.8368642633031863
0.8127050987602182
0.7640972063002303
0.7065049583698666
0.6476750056501979
0.5910457630723818
0.5394522029121567
0.49327639082777675
0.44971946582569416
0.47943270954867534
0.47471655482399355
0.5255136438460684
0.5429073843200451
0.5973112513068572
0.6127881130610447
0.6451152878342794
0.49999999496667
0.7450475323140084
0.7990432632890132
0.8446817975777049
0.8859504224681782
0.8601211030607131
0.7944228928700005
0.7399963518754162
0.6780308844039065
0.6154010878166913
0.55673694880739
0.5459872592244102
0.5187129802348978
0.4815474866894113
0.4424400519366981
0.40430485837560587
0.4652581416954201
0.5562816156575348
0.6477853028906132
0.7288092305029195
0.7968492293403779
0.8443858005277622
0.8876863050794038
0.8765210293316779
0.8341265861558286
0.843253542126458
0.8341653687136581
0.8502369111768486
0.884367493837339
0.8976628818407237
0.9274336715313247
0.919151663686019
0.9075223261745932
0.8670859064458396
0.8741965959542292
0.8533641317159348
0.8290573853330444
0.8427541629932719
0.8145202797424891
0.7708501632461284
0.7498128844548376
0.7251306084676101
0.684600124900108
0.6358999111011991
0.5881659233934755
0.5407887531123328
0.5704503206695719
0.5582676174298928
0.5277947853265035
0.5657494568622152
0.5918651197029245
0.5767262426250808
0.5964060730513425
0.6218696235023797
0.6061324036342671
0.5912402424424965
0.636050664488474
0.6288849539984791
0.6575656570425276
0.6404324500355512
0.6049718321622293
0.5610894161376295
0.5821688739059001
0.564767308026883
0.5308347228925145
0.5642033337772354
0.6191251918484246
0.6167557722849997
0.5870196636905975
0.5461459583375451
0.5021594662952841
0.5036236141213242
0.537766879701283
0.5926064937104384
0.5902459147627934
0.5709183895154559
0.5361309792986384
0.495450147801033
0.45377822832935627
0.4330906733695167
0.40577527281535736
0.3743853261056827
0.34260945002863524
0.31210080155947084
0.35993176839842356
0.36589590779648884
0.3537425778104531
0.3315571307977025
0.3710678252708573
0.3715619414081668
0.3603200576984015
0.4222262361915857
0.43475382182875544
0.4388334554506649
0.4201187885799478
0.3928848609281619
0.36197935893636535
0.3983905254272176
0.40024909355136584
0.3868727021108207
0.40510656772552145
0.3979576642728322
0.43631810684214434
0.5162974268315199
0.5565178469008002
0.5553125767153061
0.5890848431769448
0.5762653387127035
0.58207883554707
0.5881969742299198
0.584984479541791
0.5556356300637904
0.5180933570178503
0.4763924860520527
0.5124454865107324
0.5042708807664211
0.5335435242826074
0.5679080221360815
0.5593328672343101
0.5293194790203217
0.5266847718968433
0.5002480756928063
0.49666347279421347
0.4715361225920648
0.43811222655544624
0.43831564920002775
0.41738392462836316
0.45468153436736025
0.4726344022605544
0.4589233705872179
0.4407997009614236
0.48040172438287704
0.4752418202601275
0.4509861893694028
0.4183307537528046
0.4563613469145434
0.4515423330151066
0.5215574271043528
0.6221904933083764
0.6502517541140962
0.6315458952638704
0.6287410592652973
0.6121295978540302
0.5909481277697772
0.5612854545248693
0.5207611355525488
0.5374310766482686
0.519018146707555
0.4860240526052685
0.45429290798755356
0.4179835634339189
0.462143403987439
0.4598768471203912
0.4622799978486169
0.5229959254679908
0.5251235975912579
0.5022838974930216
0.467679417362192
0.517212594559699
0.5189036143161614
0.49619688072186546
0.5022660566222004
0.48112033511866625
0.449416740237153
0.41603040536766966
0.47182684054458723
0.4783242883719865
0.4595864630206472
0.5272569339596256
0.5403733636794579
0.5201042763321421
0.4986619776024656
0.47106517010819987
0.4372213042884784
0.4100993974501794
0.39973386035392733
0.37568816265517746
0.35813120407450744
0.3332736126352429
0.30601457503195456
0.27884224845417727
0.33408411175715313
0.3427741170569543
0.3301821634640383
0.37591610772285966
0.3837061817282562
0.36854765961999736
0.3438085003712125
0.31590453600843316
0.2879853453041471
0.2646313112817647
0.24345382158153855
0.222810644381095
0.20302928043035237
0.18471190124034187
0.16755445501387506
0.15165807147005367
0.137102523250535
0.12541128780882296
0.11417464219779522
0.10359346423841392
0.09377296384407666
0.08478307933439677
0.18395497333159508
0.22017732493359166
0.2261165670496269
0.21777079345471648
0.2965185632898531
0.31820709070101755
0.32541553888988206
0.41743719597993995
0.5398498952738059
0.5711927880664822
0.5580906822231797
0.524935783296283
0.5758568090176823
0.6584893169730575
0.6636085085582079
0.7359867404811873
0.8138829616464512
0.8092655844147356
0.767675910479285
0.7868071105202326
0.7805388279926067
0.739612125640521
0.6851317888118552
0.6270672251264768
0.6651468933103355
0.6498472953405128
0.6146138808958999
0.6668281613921829
0.6653404389057355
0.6400690247894028
0.6162638884468824
0.5754256280153319
0.5295473098708172
0.48298882882679833
0.527274309719872
0.5222632699457977
0.5002524820154518
0.46824294499113295
0.43122723208903524
0.39590701641963055
0.36059995137603507
0.32722694689190224
0.29615420844447093
0.3245899366167748
0.32165924687639585
0.3047605173504384
0.28239186766507823
0.2585376052995586
0.23535540600288984
0.2143637259430164
0.19440561446148108
0.17593421074941856
0.15916464669902702
0.1438023763907263
0.1300398067075657
0.1179272128961231
0.11278599575858575
0.10494718547875292
0.49999999489580854
0.601230591312418
0.7181728694744081
0.7517249279401508
0.7079079653321545
0.6833005373621703
0.6530037273514846
0.6932222198697056
0.743721142076156
0.7292179514883801
0.6928882371975134
0.7166369234585346
0.7560842754808403
0.7989574387847497
0.8038096737663182
0.8215171446048131
0.844912363134567
0.8587028442217661
0.8449433959580757
0.8217077756011795
0.8403849589496758
0.8712900169741775
0.8470581329095823
0.8624705141846386
0.8800094036186437
0.8957405357374073
0.8631199181737024
0.8718600773009267
0.8434376182758536
0.8329764362517207
0.8318791470217486
0.8469678930182877
0.874332141215407
0.8969808106027728
0.9121401615229865
0.8792314362907949
0.8562470229318968
0.8138956269092601
0.7758823368192834
0.771844547693669
0.783846206838082
0.7653458491352234
0.7651500980162003
0.7890283367139406
0.7682501852761143
0.7244445223777427
0.6717388574096275
0.6289272209452985
0.6255017886140013
0.6471574489310081
0.6899980674145136
0.6780288014878002
0.6993222242370732
0.6822711680785878
0.7118309218326986
0.7124656703562071
0.7427034344831138
0.7223096651718821
0.7474423394416743
0.7479810942839005
0.7136467771669517
0.6922384240581225
0.7238606303261395
0.7712284070149845
0.7638330172109855
0.7460827895634441
0.7033563345545147
0.6567419957647433
0.6524505304737724
0.6906630832561907
0.6763904603954898
0.6556275021928177
0.6335154726103047
0.6334057049581634
0.644898333073005
0.6897664421416958
0.7366023000836068
0.744902341258642
0.7836568333150491
0.7646801085496004
0.7359048528473278
0.7433682083414855
0.7153756411642004
0.6692732738205979
0.6844058967037167
0.6630665519191159
0.702388185215174
0.687717900340523
0.6514015472984338
0.6224316054114547
0.5801728571973445
0.6023198838991141
0.5844121195404695
0.5486923437143758
0.5553707422801129
0.5319992763197087
0.49665336920560615
0.5006578880265251
0.5211076448359937
0.5072556261512493
0.4770971314051691
0.521924163511782
0.5179664606051194
0.5766508160210697
0.5768076267347487
0.568514151062437
0.5388422219266857
0.5482404108158926
0.6022655816926216
0.5981200861948476
0.6226515327998323
0.6870584295188588
0.7327172848475834
0.7841603503449474
0.7733975035931564
0.7408064520602852
0.7544971056230019
0.7519164370185544
0.7296609304445136
0.6846582652580078
0.714199397656028
0.75256717413342
0.745313624112638
0.7062595310225886
0.6820828482508786
0.6968443085058745
0.6775002524291893
0.640437824433654
0.5969404290764629
0.5490815268005813
0.5013661993040657
0.49767026600513087
0.4759361376369654
0.4878142685028651
0.4701060755212211
0.4515597795610007
0.45240094577774087
0.43123296664619126
0.4011014520220322
0.44066902826495574
0.43800989902400433
0.42128405808416525
0.4288656168425311
0.42663109349436434
0.4061328895929535
0.40252509388598645
0.4136259502748071
0.4301734691619946
0.4478699769787803
0.497496915985633
0.49597407811353184
0.4800212324683915
0.4999999948802197
0.7312209104203897
0.7599652862138282
0.8143348732027271
0.8179302272206996
0.8315921570393359
0.7852591336602133
0.7295815125168876
0.6639230227157946
0.5990141200693565
0.5389730045475859
0.48579923899513155
0.43910767446116605
0.3968780375093283
0.4514703993990483
0.5295016330227205
0.5865845539636154
0.6653351866754218
0.6858535543126856
0.689969256733651
0.7333217811469745
0.7205464342648249
0.745476872203966
0.7696095245371113
0.8167675705452309
0.8606246171077105
0.8980952562092823
0.9141485094883361
0.9412462150857592
0.9619949689484573
0.9790644358485118
1.0002074283502622
0.820241988185429
0.9468856247357023
1.0023916775474264
0.844533804865897
0.9797977058664974
1.0587871346411732
0.8692529125594235
0.9966480568042237
1.0659254093295338
0.8679147941288914
0.9929687401227208
1.0067129381370865
0.7799494507434336
0.8865925437231892
0.9437868211737842
0.9298808000640384
0.9455059794152239
0.9100620115599752
0.8586150971948112
0.8502232249145812
0.8423326507486809
0.8626962670713165
0.842777202147304
0.8531547090568443
0.839034142874295
0.7950613341942672
0.8024425069563144
0.774419127096641
0.7707208025773904
0.771230200422174
0.7357321478176144
0.685606364522598
0.6346631006816885
0.5841931166797214
0.5371834491656591
0.49095848371184536
0.5199271704688893
0.5115598879691783
0.49406355326209345
0.5339695905123317
0.5992896006733422
0.6015261668525883
0.636868930742911
0.6528071830052486
0.6298279944345592
0.589980286664272
0.5575881660228824
0.5418677662398924
0.5774222168219904
0.5861015601002184
0.5758080763988478
0.6173748882333007
0.68149703915014
0.6991102616930077
0.7248587591817195
0.7022640760059633
0.7290169031144826
0.7188776253939795
0.7047114298165891
0.7356598034139916
0.7148075020220217
0.673700870930924
0.6233453178346012
0.5750093972647604
0.5267859462885256
0.5547199019543931
0.5409620882246302
0.509478496565865
0.49134457401301856
0.48395994379909935
0.47778520662919344
0.49582855936785
0.49298520313308736
0.5145752842773361
0.5020754613435057
0.4735679128833365
0.508950785343303
0.5769597301521134
0.603857102609022
0.6556230713626495
0.7229984939786073
0.7867481783657472
0.8538280517102641
0.8721300786306906
0.8577835252204575
0.8832199844868387
0.9117413572265374
0.93463043472381
0.9367229848587788
0.9433941766625867
0.9194205067787631
0.8660750893768618
0.8687823711866269
0.8434392152230856
0.7914960004719189
0.7299399934967724
0.6670699330182774
0.6071718006131505
0.5510343129083524
0.519364404910379
0.5292613974209017
0.5668633675968099
0.5565671644640667
0.5257175778091897
0.5104669257820241
0.5087554024126879
0.5659597901480118
0.49999999493361574
0.595751290793096
0.6882842166305283
0.7624994356432282
0.735075438014585
0.6907527887666913
0.7227833565021319
0.6941580134577328
0.6427182238552149
0.6310985458207926
0.6448040669676367
0.6188764326788899
0.6455327794711172
0.6264113356836791
0.5880474633437458
0.5431012840317054
0.4975465715688085
0.45434622909823874
0.4169032632291678
0.3810044144787027
0.35555675983839513
0.49999999493195063
0.5875377143296788
0.7030050356718172
0.77930995342541
0.8396700937488764
0.8860905200563843
0.9202573609930202
0.9449005246131419
0.9430071578537765
0.933055580893529
0.8813551051682549
0.8136690526354042
0.7456566713493246
0.6796763653078768
0.617623310608618
0.5608847267022214
0.5467354430194269
0.5159539164935066
0.4785951056827014
0.4400658853550893
0.40276432922863337
0.43817089639402146
0.5120627294869551
0.5231305430165443
0.5401322086014932
0.5850818913153236
0.6507201193910965
0.7196728554999698
0.768909058666513
0.8158178584417027
0.8647105601875036
0.8986287036748417
0.9105224439018442
0.8759480494332074
0.8858214050879558
0.8510070196849442
0.8563757246843322
0.8204668550276422
0.8110956927081137
0.7822528842697054
0.7382832871775964
0.6850335614122165
0.6655169064303044
0.6393022599287719
0.5985812032885887
0.5865145071164086
0.584099983799647
0.5564583893517956
0.5491389277320068
0.5239915596972264
0.510503876767809
0.488989718907921
0.5329438852838096
0.5284858667548726
0.5053902616766616
0.5506871470882428
0.546250897714236
0.5868383546133984
0.6516250233925494
0.6808053347296621
0.7371187842734737
0.794100841438478
0.8506647088397523
0.8420742012357273
0.8019322956006959
0.8189700781117352
0.8212729794319547
0.784114278195438
0.8047833096598209
0.8233796682370447
0.8666822894190356
0.8457907001944033
0.796746149511647
0.7612352161947835
0.7137502077960065
0.6709413554316561
0.620136893079451
0.6272193461248139
0.6793374899437788
0.7469190060253161
0.7461834328999223
0.7261190468756225
0.6829075486842018
0.6311573036170617
0.6555647554413406
0.6518790713329241
0.6444953889596212
0.6735673667962105
0.7313047682335867
0.7526565811316202
0.8013832350744503
0.7854390776918214
0.7484447425002839
0.6963410309573062
0.639818488096665
0.5838685191959474
0.5566191920703814
0.5184840424101569
0.4766342843517923
0.4351335797427784
0.395633881842099
0.3927252817888594
0.3742405117511178
0.4323186537974336
0.4549956776276311
0.444463383269844
0.5028269557842693
0.5055813514650526
0.5643407288081026
0.6454159368676922
0.725076987970654
0.7974688521377415
0.8709871411405724
0.9279141056894382
0.9168872080978017
0.8831100812189561
0.8837595356414436
0.9158914580808893
0.9053429288576829
0.9224298233360552
0.8908613944868937
0.8348301899305317
0.7983621148469693
0.7453834632660383
0.7059722954190499
0.6564858881668336
0.6395140764061986
0.6814795392907538
0.6766610607281938
0.6429579928296456
0.6019749775081835
0.5574674307721288
0.586314104966438
0.5710938992118849
0.564659227143762
0.6125968056170752
0.6386357656574322
0.6195956071620687
0.6619550143746626
0.6493477397779841
0.6266931050615523
0.5866971000251863
0.6120469781304843
0.65217358557743
0.6387873970531546
0.6494500615139931
0.7045397652784852
0.6962452463000279
0.6652291261070951
0.6646568262610754
0.6336554542844106
0.6234033789354467
0.6241060532501277
0.6290132116180331
0.6009847902347432
0.5594888996945108
0.4999999946799801
0.5885062455191168
0.7024503923091213
0.7818496333304676
0.8434268843512333
0.8622814550931455
0.8377591666192654
0.7784524863171549
0.7158413066936098
0.7277681324747661
0.7664272753286645
0.8128355461914895
0.8469829836239107
0.8228852940436253
0.8373435410553359
0.8087178131937893
0.8214638647973946
0.8490929961727345
0.8668696880921996
0.8769408266120091
0.8617188193831797
0.8758531727226064
0.8936923780156809
0.8960939103006998
0.85768005397773
0.8075255373234502
0.8069126893979008
0.7861957841624336
0.784433317926125
0.7546466212705283
0.7077313859939514
0.665027517140927
0.6694971244400147
0.705248318480962
0.6945563264354573
0.7252066367185883
0.7075140641264908
0.6690023639128684
0.6371211494773286
0.6497646545377482
0.6412079497430574
0.6654950991174646
0.6485193333703876
0.6123720744052243
0.612539343335137
0.584891527845989
0.5620313463312812
0.5842979856671033
0.6186444462648069
0.6747729031314514
0.6827527687935033
0.6701183936735051
0.6498121398296988
0.6805788562993806
0.7360662984153775
0.7286168061441666
0.7453325937795452
0.7774459085770928
0.8065854479409866
0.7859886845221549
0.7613863528816095
0.7288054728570896
0.7009339596048682
0.7066508512868448
0.6884927184677471
0.6488389242690581
0.6792122256266704
0.6875116690902308
0.7238039343957685
0.7071479137395116
0.6668168104231043
0.6175192909074021
0.5690882049200738
0.5226417036845278
0.4780398890493889
0.43549211915727054
0.3958189997462451
0.3594341112258431
0.32605600383712263
0.33292176760334347
0.339837470663356
0.3426296833794763
0.40150811346122295
0.43363875626637083
0.5047258773993413
0.5141870787863942
0.50664468504051
0.4825737556268329
0.44891649791664523
0.4353202609856711
0.4335809524720803
0.47338388763555816
0.47055676954691517
0.44764225170020755
0.4996229857196634
0.5654477611309964
0.5757339342467191
0.5546997169386598
0.5222449082975047
0.5682974277069506
0.6218155964418072
0.6906335268901015
0.6988741278860799
0.7197680510076521
0.7215743755972341
0.69740766400583
0.7075138130862895
0.7379770930664303
0.7200444497705795
0.6781831885397178
0.6814142313252258
0.6586261564571307
0.6969360162702842
0.6829140185433704
0.6439909142618963
0.651089294884082
0.6240500332393044
0.663912621405697
0.6504511188594999
0.6132404464045531
0.5707878388937577
0.5338220047745188
0.5675625094994095
0.5602869686319492
0.6014500420200792
0.5917271316752738
0.6228853669808608
0.6114854345677698
0.5783211339049534
0.5358126536807358
0.565043666978591
0.5581229490063924
0.5634143719279594
0.5437616739858134
0.5086727445161072
0.4688734127766616
0.43302482441882095
0.3960270393349752
0.3602089075483972
0.3267885338543411
0.29771631691530065
0.27316407863878367
0.2810900997661381
0.28503353575144136
0.2731315305043227
0.2837551679831099
0.36403923928503235
0.44292643942308974
0.5223136140929858
0.5329055422425157
0.5509685194352621
0.4999999949301379
0.5896349830155021
0.7050107559311725
0.7890837848903556
0.8522026467772191
0.8963530992040661
0.9256260451056468
0.9083571337492489
0.8520460528912426
0.7825419622084566
0.7397407178503551
0.6832856493580818
0.6416347105976384
0.591837049384657
0.5411911931463196
0.49288133460891814
0.44897627222715303
0.4087868182881659
0.37211020869023403
0.34201919682362525
0.3951178885857679
0.48315854811664855
0.5261523037144809
0.5238800038370517
0.5785031367756872
0.627881549702875
0.6947527898397858
0.6943515565379373
0.7343462884415403
0.7881097644343116
