0.31286782026290894
0.16056254506111145
0.5532066971063614
0.3691638484597206
0.20657691732048988
0.12812812812626362
0.2837429577484727
0.14716720255091786
0.07359593943692744
0.04290853359270841
0.022709823737386614
0.011636812036158517
0.006054246696294285
0.02452155663195299
0.013931347497418756
0.007406867329336819
0.003960642608035414
0.0020116882483307563
0.10773445750078281
0.16548366141716997
0.5760082939883091
0.4998897631774355
0.2548461864297593
0.6267957841309411
0.7500346975998333
0.8739011326172079
0.9163974542785747
0.9575106213176778
0.6752318893713023
0.39695999795408377
0.29812071111903254
0.4925031234180215
0.6408266807275654
0.4600598854163111
0.6388357302714796
0.3262145678783164
0.17094244860533403
0.16194124173583352
0.5378541705581633
0.27312274563178857
0.1782442569129936
0.18081089553203544
0.11767808942480068
0.10082367732367506
0.05560024417560096
0.25870753247102496
0.49657011488358377
0.7441363357468456
0.7485715162239477
0.8020228153209887
0.6371553692092996
0.3270867691869786
0.30680137507295857
0.6320933383314622
0.3164889654322869
0.6172705809674862
0.312501635174066
0.45285261969770496
0.6837249164829925
0.34270890380195157
0.6583599836888481
0.5971804157526577
0.5372185804263395
0.2688203651614806
0.38811896239259946
0.6287483473347579
0.31286782026290894
0.16056254506111145
0.5532066971063614
0.3691638484597206
0.20657691732048988
0.12812812812626362
0.2837429577484727
0.14716720255091786
0.07359593943692744
0.04290853359270841
0.022709823737386614
0.011636812036158517
0.006054246696294285
0.02452155663195299
0.013931347497418756
0.007406867329336819
0.003960642608035414
0.0020116882483307563
0.10773445750078281
0.16548366141716997
0.5760082939883091
0.4998897631774355
0.2548461864297593
0.6267957841309411
0.7500346975998333
0.8739011326172079
0.9163974542785747
0.9575106213176778
0.6752318893713023
0.39695999795408377
0.29812071111903254
0.4925031234180215
0.6408266807275654
0.4600598854163111
0.6388357302714796
0.3262145678783164
0.17094244860533403
0.16194124173583352
0.5378541705581633
0.27312274563178857
0.1782442569129936
0.18081089553203544
0.11767808942480068
0.10082367732367506
0.05560024417560096
0.25870753247102496
0.49657011488358377
0.7441363357468456
0.7485715162239477
0.8020228153209887
0.6371553692092996
0.3270867691869786
0.30680137507295857
0.6320933383314622
0.3164889654322869
0.6172705809674862
0.312501635174066
0.45285261969770496
0.6837249164829925
0.34270890380195157
0.6583599836888481
0.5971804157526577
0.5372185804263395
0.2688203651614806
0.38811896239259946
0.6287483473347579
0.6938524494432884
0.3683864002358654
0.1842629226511587
0.0934189067515666
0.05058171382710013
0.16963560398004787
0.35889128354977734
0.2792372877786118
0.13982918239581377
0.18332284379476205
0.4519933744692499
0.22768680673955355
0.11476973405539231
0.5501339023861251
0.27654659179612806
0.6112524838634571
0.3114535347316782
0.1652816899465581
0.29455788770551783
0.33883651514468244
0.1699165076991799
0.1888760462890507
0.29005484955958727
0.6331579942378014
0.3170394429997906
0.1643482957997076
0.11618242734264098
0.26227009829675535
0.29806509880619936
0.1934859765986487
0.09772053427596314
0.07630728218505493
0.2132552044269925
0.12785117709028154
0.0641422812312217
0.09507813772407032
0.25455614785773983
0.14261089196018095
0.1337675970306581
0.067345555698404
0.48171129627800446
0.35242105922985306
0.3019630084528935
0.2183011656053072
0.30818439449107676
0.5964505718411804
0.488524737271756
0.24452793713067475
0.427543342687957
0.2144505831491314
0.21140546366032772
0.47093570612101165
0.2354689110429506
0.2650113338784089
0.34283643635887456
0.17171265022346652
0.08607705601249772
0.06377982680099525
0.36267521770843525
0.22923678056423197
0.3676700884899712
0.4513310340444851
0.2853012158175612
0.1427084691176963
0.0780130121534145
0.039463599196328525
0.04705304884476155
0.0291327435948585
0.014571870325909779
0.06941723573153552
0.40117138498994376
0.315426230430603
0.17275799810886383
0.5490746572613716
0.5338438786566257
0.2886680383235216
0.19725507590919733
0.348394185770303
0.2970126720611006
0.15235673647839576
0.08691873779753223
0.43566848154296167
0.5578559106361354
0.6488323542362195
0.34916918143062503
0.5839262538374896
0.33649906184382417
0.2844486070976018
0.1601007944993853
0.08025874528550503
0.040277356074568615
0.47927355476534217
0.5108053967769735
0.25608979093113504
0.5871070545269994
0.785345550445415
0.4493070970315225
0.26417159191461836
0.39141824420140403
0.6710891851576478
0.8330146138266876
0.8848601611652054
0.44631196718405075
0.39078430166339073
0.19763186986493664
0.27890981940054693
0.21098279311072726
0.5008898643345232
0.4040823115751443
0.5731700725279896
0.330106887565188
0.5243148373296521
0.26790899866474976
0.1341998171491092
0.4894315397581789
0.5072777169864044
0.6154866465886765
0.34722743674915696
0.49589227758249477
0.41026636522214033
0.6016883977313857
0.5524151984880379
0.3127856286381687
0.35573218921894856
0.2645935498678437
0.5659276884299393
0.7160500308623848
0.3770478825147419
0.47232037089146517
0.3024986202611394
0.3439673242516253
0.2356865732643472
0.5318212076412373
0.6968670867078868
0.5013652186688466
0.3089728822855494
0.15516813946507085
0.07761130905519778
0.03981541681473878
0.02116244578453614
0.019215849757655033
0.02204559630178589
0.0132456043661792
0.3850395788401941
0.21447758921238677
0.5157943022661055
0.35726137222909155
0.573520934890028
0.3858885200372915
0.4855860785420527
0.6549306668726499
0.6279631037457731
0.5201281944386138
0.3851326872642822
0.6044277037052307
0.7391777378751831
0.5276204070664444
0.26406727836613847
0.1836413969898472
0.44829083632947253
0.22537564313173913
0.4096562220442326
0.2061505294734255
0.4402940857854493
0.4895755642874543
0.483177944730893
0.4845050199385361
0.4244532696185448
0.27957006354023706
0.20932432541693097
0.12722849612158957
0.06729753198585124
0.03389627428035543
0.4005689357279768
0.20177653603548956
0.4766588964700458
0.3703659553646921
0.20544660485386246
0.10861963230669197
0.0547515610769376
0.07178138990774675
0.03761836538501046
0.04563948338124882
0.10597576113985842
0.14701428220891388
0.38602937363695816
0.5011281127885566
0.5236572501637333
0.30462346362957327
0.3124753429884164
0.15629107725592695
0.3603347290156893
0.3331913972198274
0.4880824399143113
0.27105411947516866
0.3701983842290852
0.4559258000571238
0.4405636229375356
0.2742906678845164
0.6230080062712071
0.6319287386817156
0.35327592329593593
0.6452862165193364
0.7835273813118837
0.4056730454618882
0.5781781765547966
0.47353631258010864
0.24280324578285217
0.5943618565797806
0.7917144075036049
0.41984257474541664
0.21771845407783985
0.14815037045627832
0.3546450366266072
0.17842955538071692
0.13286121760029346
0.06643777625868097
0.03323115178500302
0.016653588754707016
0.00887937413790496
0.004968529279722134
0.002986135748869856
0.045828045739654044
0.3250427550742643
0.6572184118961104
0.7760772781240348
0.5169659593039455
0.6316899527278395
0.7426568800790534
0.37515613111771273
0.5947317315782961
0.6779236412865846
