0.31286782026290894
0.16056254506111145
0.5532066971063614
0.3691638484597206
0.20657691732048988
0.12812812812626362
0.2837429577484727
0.14716720255091786
0.07359593943692744
0.04290853359270841
0.022709823737386614
0.011636812036158517
0.006054246696294285
0.02452155663195299
0.013931347497418756
0.007406867329336819
0.003960642608035414
0.0020116882483307563
0.10773445750078281
0.16548366141716997
0.5760082939883091
0.4998897631774355
0.2548461864297593
0.6267957841309411
0.7500346975998333
0.8739011326172079
0.9163974542785747
0.9575106213176778
0.6752318893713023
0.39695999795408377
0.29812071111903254
0.4925031234180215
0.6408266807275654
0.4600598854163111
0.6388357302714796
0.3262145678783164
0.17094244860533403
0.16194124173583352
0.5378541705581633
0.27312274563178857
0.1782442569129936
0.18081089553203544
0.11767808942480068
0.10082367732367506
0.05560024417560096
0.25870753247102496
0.49657011488358377
0.7441363357468456
0.7485715162239477
0.8020228153209887
0.6371553692092996
0.3270867691869786
0.30680137507295857
0.6320933383314622
0.3164889654322869
0.6172705809674862
0.312501635174066
0.45285261969770496
0.6837249164829925
0.34270890380195157
0.6583599836888481
0.5971804157526577
0.5372185804263395
0.2688203651614806
0.38811896239259946
0.6287483473347579
0.31286782026290894
0.16056254506111145
0.5532066971063614
0.3691638484597206
0.20657691732048988
0.12812812812626362
0.2837429577484727
0.14716720255091786
0.07359593943692744
0.04290853359270841
0.022709823737386614
0.011636812036158517
0.006054246696294285
0.02452155663195299
0.013931347497418756
0.007406867329336819
0.003960642608035414
0.0020116882483307563
0.10773445750078281
0.16548366141716997
0.5760082939883091
0.4998897631774355
0.2548461864297593
0.6267957841309411
0.7500346975998333
0.8739011326172079
0.9163974542785747
0.9575106213176778
0.6752318893713023
0.39695999795408377
0.29812071111903254
0.4925031234180215
0.6408266807275654
0.4600598854163111
0.6388357302714796
0.3262145678783164
0.17094244860533403
0.16194124173583352
0.5378541705581633
0.27312274563178857
0.1782442569129936
0.18081089553203544
0.11767808942480068
0.10082367732367506
0.05560024417560096
0.25870753247102496
0.49657011488358377
0.7441363357468456
0.7485715162239477
0.8020228153209887
0.6371553692092996
0.3270867691869786
0.30680137507295857
0.6320933383314622
0.3164889654322869
0.6172705809674862
0.312501635174066
0.45285261969770496
0.6837249164829925
0.34270890380195157
0.6583599836888481
0.5971804157526577
0.5372185804263395
0.2688203651614806
0.38811896239259946
0.6287483473347579
0.6938524494432884
0.3683864002358654
0.1842629226511587
0.0934189067515666
0.05058171382710013
0.16963560398004787
0.35889128354977734
0.2792372877786118
0.13982918239581377
0.18332284379476205
0.4519933744692499
0.22768680673955355
0.11476973405539231
0.5501339023861251
0.27654659179612806
0.6112524838634571
0.3114535347316782
0.1652816899465581
0.29455788770551783
0.33883651514468244
0.1699165076991799
0.1888760462890507
0.29005484955958727
0.6331579942378014
0.3170394429997906
0.1643482957997076
0.11618242734264098
0.26227009829675535
0.29806509880619936
0.1934859765986487
0.09772053427596314
0.07630728218505493
0.2132552044269925
0.12785117709028154
0.0641422812312217
0.09507813772407032
0.25455614785773983
0.14261089196018095
0.1337675970306581
0.067345555698404
0.48171129627800446
0.35242105922985306
0.3019630084528935
0.2183011656053072
0.30818439449107676
0.5964505718411804
0.488524737271756
0.24452793713067475
0.427543342687957
0.2144505831491314
0.21140546366032772
0.47093570612101165
0.2354689110429506
0.2650113338784089
0.34283643635887456
0.17171265022346652
0.08607705601249772
0.06377982680099525
0.36267521770843525
0.22923678056423197
0.3676700884899712
0.4513310340444851
0.2853012158175612
0.1427084691176963
0.0780130121534145
0.039463599196328525
0.04705304884476155
0.0291327435948585
0.014571870325909779
0.06941723573153552
0.40117138498994376
0.315426230430603
0.17275799810886383
0.5490746572613716
0.5338438786566257
0.2886680383235216
0.19725507590919733
0.348394185770303
0.2970126720611006
0.15235673647839576
0.08691873779753223
0.43566848154296167
0.5578559106361354
0.6488323542362195
0.34916918143062503
0.5839262538374896
0.33649906184382417
0.2844486070976018
0.1601007944993853
0.08025874528550503
0.040277356074568615
0.47927355476534217
0.5108053967769735
0.25608979093113504
0.5871070545269994
0.785345550445415
0.4493070970315225
0.26417159191461836
0.39141824420140403
0.6710891851576478
0.8330146138266876
0.8848601611652054
0.44631196718405075
0.39078430166339073
0.19763186986493664
0.27890981940054693
0.21098279311072726
0.5008898643345232
0.4040823115751443
0.5731700725279896
0.330106887565188
0.5243148373296521
0.26790899866474976
0.1341998171491092
0.4894315397581789
0.5072777169864044
0.6154866465886765
0.34722743674915696
0.49589227758249477
0.41026636522214033
0.6016883977313857
0.5524151984880379
0.3127856286381687
0.35573218921894856
0.2645935498678437
0.5659276884299393
0.7160500308623848
0.3770478825147419
0.47232037089146517
0.3024986202611394
0.3439673242516253
0.2356865732643472
0.5318212076412373
0.6968670867078868
0.5013652186688466
0.3089728822855494
0.15516813946507085
0.07761130905519778
0.03981541681473878
0.02116244578453614
0.019215849757655033
0.02204559630178589
0.0132456043661792
0.3850395788401941
0.21447758921238677
0.5157943022661055
0.35726137222909155
0.573520934890028
0.3858885200372915
0.4855860785420527
0.6549306668726499
0.6279631037457731
0.5201281944386138
0.3851326872642822
0.6044277037052307
0.7391777378751831
0.5276204070664444
0.26406727836613847
0.1836413969898472
0.44829083632947253
0.22537564313173913
0.4096562220442326
0.2061505294734255
0.4402940857854493
0.4895755642874543
0.483177944730893
0.4845050199385361
0.4244532696185448
0.27957006354023706
0.20932432541693097
0.12722849612158957
0.06729753198585124
0.03389627428035543
0.4005689357279768
0.20177653603548956
0.4766588964700458
0.3703659553646921
0.20544660485386246
0.10861963230669197
0.0547515610769376
0.07178138990774675
0.03761836538501046
0.04563948338124882
0.10597576113985842
0.14701428220891388
0.38602937363695816
0.5011281127885566
0.5236572501637333
0.30462346362957327
0.3124753429884164
0.15629107725592695
0.3603347290156893
0.3331913972198274
0.4880824399143113
0.27105411947516866
0.3701983842290852
0.4559258000571238
0.4405636229375356
0.2742906678845164
0.6230080062712071
0.6319287386817156
0.35327592329593593
0.6452862165193364
0.7835273813118837
0.4056730454618882
0.5781781765547966
0.47353631258010864
0.24280324578285217
0.5943618565797806
0.7917144075036049
0.41984257474541664
0.21771845407783985
0.14815037045627832
0.3546450366266072
0.17842955538071692
0.13286121760029346
0.06643777625868097
0.03323115178500302
0.016653588754707016
0.00887937413790496
0.004968529279722134
0.002986135748869856
0.045828045739654044
0.3250427550742643
0.6572184118961104
0.7760772781240348
0.5169659593039455
0.6316899527278395
0.7426568800790534
0.37515613111771273
0.5947317315782961
0.6779236412865846
0.4966890811920166
0.6560823321342468
0.4261321574449539
0.5606727972626686
0.7399155683815479
0.43187219835817814
0.21616650093346834
0.18888505036011338
0.10788297024555504
0.05926265998277813
0.03449866018490866
0.19539108793833293
0.11429619749833364
0.05789644996548304
0.031099446019652532
0.01672655711627158
0.4859862942003019
0.7334105381619338
0.8517647092169227
0.8974577637824268
0.9077522383288965
0.8126603179254346
0.8514283504624274
0.47652507854198944
0.2480485490595079
0.6043600465672601
0.4517719013401562
0.6318339637373236
0.8109489943312778
0.6569800508880205
0.8269502586555275
0.539900172076215
0.492337176363463
0.27877083875775077
0.6143663697344052
0.40227090681105787
0.3504869608308372
0.6187831594658642
0.32986210952762507
0.20010296588422727
0.3137102180981729
0.27151792020917404
0.15595065937102073
0.08184474401503918
0.05936890687957464
0.03527875168330996
0.4974971782327072
0.2502471094906517
0.12782291499675255
0.5415726797178434
0.47994979701414936
0.24025687318034586
0.4425467090854427
0.48624222661303385
0.2501814324917739
0.24105271494698252
0.6142868836537586
0.3174036810703867
0.5327363346967992
0.267600433774486
0.14467815396571895
0.07350373684060942
0.43709391563481276
0.2187816213038871
0.11042600922124134
0.4923765363908636
0.6439998598206454
0.33082064247669846
0.16593263674051598
0.08297472262517132
0.04177373182840902
0.27456751233372967
0.46444572392122885
0.6089587578327305
0.3076079522148195
0.20577308707313852
0.1070915618185059
0.054998822939587425
0.027781907683706676
0.11913204390113373
0.07256078818591843
0.036820829407137684
0.018902048714837458
0.009697653476338101
0.4158744700868629
0.21480692367353552
0.12010322978396472
0.060320491444564146
0.37567552668427245
0.18880069127964386
0.12593267794096175
0.5126276534579381
0.2797818145047717
0.23840108319576048
0.12064801059392821
0.0664113084585852
0.03369915088571045
0.3673088530727075
0.20561222632864348
0.12713427047003922
0.28081608166331856
0.1599305140477161
0.3895477288713922
0.6326673146958585
0.4630031792757628
0.2675793870507537
0.44913164298826747
0.22486150523570325
0.3116989893741764
0.3142461857709963
0.2682134102540055
0.13461262935185628
0.07876034554731944
0.03980944542533208
0.413937618277699
0.2074093470683844
0.39099465060786165
0.4298214825419374
0.23027303379912117
0.11858710429141392
0.23826387415860828
0.11937506442534296
0.2177324366831152
0.11060308278915129
0.05817064077316146
0.20454492882221154
0.1025594011710545
0.3764660723888109
0.2983487729173516
0.1535815538933682
0.12488557110085127
0.3963359058392745
0.19861348273817211
0.10390982927115515
0.05216263682261981
0.3759844847054078
0.18804718293402561
0.5526171388112205
0.7459566623907634
0.4335899219384466
0.2168545209105151
0.2824325602618524
0.2126574238820706
0.18165586991527846
0.13065438768972543
0.06534187148863865
0.3199466077032427
0.16018957930518885
0.08207047501064191
0.07205061872232382
0.036037334598245346
0.400988702375264
0.20124331335155718
0.22011886646314738
0.500767939338904
0.25057710361968544
0.13285369253402485
0.06663839805248148
0.4503222345715899
0.24549115893275233
0.1305109768958424
0.2531138613746332
0.1287227250598752
0.06975558288211045
0.04731596950349419
0.45058632614044947
0.24455547691299817
0.12933069646812628
0.5302218207739648
0.30272081539148377
0.15159584604260468
0.1352060214805461
0.0963439234161306
0.05497973601340893
0.07008950134277167
0.13386938581943425
0.06721873884439425
0.08555699291348436
0.0449246063953637
0.02320901528626675
0.011669342595487806
0.3719582283885032
0.18602113546881824
0.09373777420299127
0.35072266713269984
0.19954933054987806
0.09978679482015082
0.05008657606379245
0.025045836130460374
0.012772393305937584
0.020697435776313215
0.020169372876445487
0.013447744409223415
0.0084134999712209
0.006377744863425697
0.003662416433292133
0.0018837944144991549
0.0009849466619386033
0.007165302720541445
0.00423629079603885
0.002357875279306046
0.0012038076776855547
0.0006644887158569375
0.46079406949029844
0.23230487511628112
0.1175844987535141
0.05882257323978653
0.4305844610011494
0.2179675849813181
0.1640814469525197
0.5381472670172145
0.7181090694236005
0.3697126200580222
0.18763934030054125
0.0938606632447149
0.45065679017185695
0.6167760583931184
0.3084088908222306
0.6172244720949227
0.6765456881768254
0.33830851746831075
0.16932463861124583
0.4238666902811173
0.3158943807498039
0.15818061706500358
0.07968933521249447
0.03987582593430357
0.4455546541475717
0.22297941662189683
0.12650322426019767
0.5049967443379693
0.2857050138430264
0.1776001223780943
0.1715505604375518
0.08598701081817928
0.04601154189380796
0.02320803930894927
0.4048187818653206
0.20595533085499307
0.1281516126425768
0.07445892054000025
0.03870552459437909
0.03003889162877829
0.015047415293949998
0.008410535354265648
0.004215370664422253
0.24686179113856183
0.1240274635576766
0.0627650334250709
0.0321465588515888
0.016356326982671535
0.00919729860886659
0.00878627793125672
0.004442730030081485
0.002452631036769258
0.0019878244600350196
0.000995953689101067
0.0013859817435754969
0.0026369069541699506
0.026636912153423172
0.013352833055585793
0.4897935390472412
0.26667071878910065
0.6155071333050728
0.44599390402436256
0.22345021553337574
0.24283009860664606
0.19249606179073453
0.590236813062802
0.6854146571131423
0.35438901936868206
0.20959753173519857
0.5605680663284147
0.6832009414283675
0.7589672436042747
0.5064481908939342
0.5994371977876654
0.6627364261662478
0.6000990025061128
0.4090377118119477
0.32555404434248203
0.6597246385099709
0.7859477627516895
0.396900903594549
0.695885246700076
0.7026880411833663
0.6907894029483268
0.34561838280484425
0.6484086591567861
0.3636649737043315
0.45489864991521506
0.5057789357821925
0.6308652297815076
0.7513618834893103
0.7348146025379596
0.6908049674848764
0.3512846873213872
0.38561789919982475
0.23320437336986324
0.2288746578744305
0.4379181734348959
0.5473882492197368
0.3441430745429205
0.4524919002208316
0.627403984911899
0.33854440373562783
0.1720008876044701
0.0865045947889065
0.11302661215561505
0.3339455093706542
0.4931945783776489
0.6532386532864196
0.3272456224481872
0.5336406675835754
0.2983861639032913
0.595868680573014
0.41876688783194005
0.615792945945389
0.3084560413778459
0.5949782023638802
0.44206629146190074
0.22104654187486364
0.274412902566422
0.6104553502662127
0.7387207528880807
0.4108777682449208
0.3329690267873697
0.16671710561875963
0.11560536598744225
0.3454784213283769
0.6164914398779031
0.31213726249285323
0.257949479654172
0.2339868884457841
0.35169030930467915
0.4204235608670536
0.6404807237433108
0.6822986437701539
0.46901095578190466
0.6717157993173439
0.3378608541417042
0.26121282660603123
0.46426290315210617
0.25328598937302726
0.12852849821701595
0.47161443164177214
0.25949735010776653
0.6220192341263777
0.3153633787361625
0.17411232064802662
0.19208796357432611
0.09803547727723722
0.4548934810740739
0.2311039027265206
0.11627309305923655
0.3393506645334635
0.1696788787430959
0.08774747548433329
0.2902424737708379
0.38491887375198847
0.20187981687229398
0.10243963580450179
0.5161770551459033
0.26168638314088377
0.6250305168096234
0.31880854031761535
0.2660507185326022
0.13979699825574965
0.34202708112860725
0.6072660749537995
0.30489388433015596
0.46408988697785264
0.7172448717726178
0.642488662559435
0.7062996944579707
0.372935743172627
0.23844429902218844
0.4882930966813518
0.398501239846108
0.2825832926382411
0.14172591085979286
0.5499504273918715
0.6162799927486702
0.3724644498474262
0.1864700772586893
0.245795436611942
0.45429039394416987
0.268376680193139
0.15754631259927793
0.10092312146668456
0.05335143233063232
0.02856811893345123
0.24339418119371536
0.1426902488181025
0.31377780811533484
0.1592458505260207
0.14424479101236948
0.2379177068379337
0.12042664759888323
0.06147992250091867
0.4212112408715836
0.21451476126106342
0.13679818763927498
0.25586945541002293
0.20680281881142626
0.10926114203358178
0.18644002915334942
0.26104245007491234
0.29462178260314525
0.3084630902122858
0.48728695191499605
0.2443488522249312
0.16706105986624215
0.48830220103263855
0.5487988144159317
0.3165803775191307
0.6514876894652843
0.46657062135636806
0.5185385970398784
0.2605070932768285
0.16873402218334377
0.08439357986208051
0.04248132760403678
0.021705848252167925
0.014268434184486978
0.01123054630443221
0.005839908157213358
0.4182801068000117
0.5764889627780576
0.5040266469163726
0.7503773547730361
0.4459325212995964
0.34747222755157736
0.6284574453721632
0.31616842173984594
0.5362111897441295
0.5303738400922491
0.7476868771307803
0.7653741311427522
0.7582546806035722
0.6207587140648705
0.7374582299515179
0.709358633007833
0.6994080843757732
0.7592558414852193
0.8713293746667887
0.6977136172631276
0.7677363474060541
0.6317762443865064
0.6533840452355506
0.7582991498074115
0.7574873456041604
0.4444175754328862
0.6401981013188907
0.7748042293970857
0.8538647864552873
0.8512991057978341
0.4992289834790562
0.290315940656917
0.21625145508778926
0.4695153347349804
0.7114779706645331
0.8007808802449863
0.8556513427656969
0.8641759871920983
0.8759154438714702
0.5329352646937231
0.6640211954648425
0.39582742824828276
0.2020977068676335
0.5712796116239718
0.4374957215968217
0.2187727159352822
0.10960823625781749
0.05524881348241674
0.04637644522005969
0.15443626459744897
0.07745099274470074
0.15399630471146933
0.09733810327488597
0.43587232779482216
0.6452700552891653
0.8032692103361567
0.5940377428519468
0.30378785800872943
0.5789210352894599
0.28965427744373357
0.22657324010126131
0.11425389912720689
0.0815052790790606
0.23780905223636867
0.5127764891423238
0.41723383718915047
0.20863438275549442
0.4328091771756293
0.2249546960669101
0.25740555006649796
0.42097939589811717
0.4804081993261643
0.243291128524128
0.30183834773698615
0.6207063244899073
0.6935853385488171
0.36180733261306974
0.3641940584669505
0.4573723192458349
0.2879853007915118
0.1549804090322305
0.3003886132866765
0.5687179162815523
0.7378686763204789
0.5100681979138482
0.25523475799356043
0.12783603863613874
0.07045655944296256
0.42146655667994687
0.5221314268766556
0.2611119219391899
0.5345150564476528
0.6496400999210615
0.4462183647941718
0.5801326003467624
0.633645324249843
0.3175889245369927
0.15881989855065426
0.1449990792001013
0.15245698009554168
0.0780860539010347
0.09721619167582099
0.2973403795493439
0.46805911580387727
0.23939846118124314
0.22351910749987755
0.3709492190674742
0.5863021663822631
0.2931819732982864
0.14660108963643262
0.07350784977274512
0.03800972024598407
0.29242602845032356
0.47081835995117494
0.7346658504505936
0.8471547562132271
0.7485796311621861
0.5210614700677492
0.5654393682659913
0.5720934991926575
0.7610370280787659
0.5927882225535965
0.31050276911371233
0.358984724462595
0.2685442794266176
0.3149072045536256
0.6071615573988068
0.6820294438414627
0.3417438059356239
0.5829455151809467
0.6940295941955454
0.8069152060810033
0.49344855546951294
0.26113277673721313
0.4118601977825165
0.5048113912343979
0.2529192343354225
0.17340989783406258
0.5592087004333735
0.27979536820203066
0.1406495519913733
0.24549063784070313
0.3342487501213327
0.16862800653325394
0.4086479690449778
0.20436497761693317
0.10236695028288523
0.051189018373406725
0.025627619566876092
0.01402689841506799
0.017433816329230467
0.008754175968761047
0.032914942536649505
0.020345720665602585
0.010197730370833824
0.005625412617362713
0.0030882138779944057
0.0023114571358355818
0.0025841091764764457
0.0013231682128109767
0.07808424767585587
0.18863012759254372
0.5883899150707622
0.5123489408899495
0.5274635806286906
0.2712262399298238
0.5933432940295481
0.5851106824304235
0.767668852300722
0.5308720067596826
0.39434696214677856
0.6733173180484869
0.7390572154951145
0.6306761962389971
0.7751973202931893
0.7288597489947086
0.7352689636525515
0.7802730268625917
0.49719196887753914
0.2693377302683518
0.6048901461858116
0.3992914151796978
0.4405882751767477
0.26526906072222395
0.5742088058547338
0.7230126906909624
0.569610925986274
0.31647296372746625
0.49969837876009543
0.3383914570602159
0.49732460283201835
0.3966515297838147
0.5460959789727179
0.6817147194134219
0.34209937149221814
0.18616756942836005
0.22683568371816257
0.19924268908045578
0.3470802793241634
0.1735675130951948
0.3099854188496146
0.47948120024473834
0.25347793592349377
0.1676125997967307
0.4706791875097545
0.7099087952242986
0.6968987345033236
0.5884241789248261
0.6840461358262436
0.4701014690018364
0.48450897298339346
0.35450924020053615
0.18446852555395002
0.1273967712646764
0.11786947099000422
0.3897278182090829
0.6748527821094548
0.7198938993707674
0.36000671824293223
0.18004469494261785
0.4956105571003678
0.4709943046675087
0.6965302283816517
0.5047468421485514
0.7015362321151539
0.6184315353042505
0.48511917737159244
0.48842697514610045
0.6531132120565402
0.6460987159945482
0.7802629684079644
0.6289460318619489
0.36519001212390656
0.3393216495050609
0.17011496744223534
0.09201572995219677
0.5187080435992979
0.5976035263658416
0.6990915371239608
0.8431737340122673
0.6796120661810146
0.5089664736546629
0.6491098244566497
0.8169964174220352
0.7987286855672493
0.42338605770939064
0.6416213316195879
0.4651823839780526
0.2759264211474278
0.41190511488012566
0.37480645131613854
0.18859133994353833
0.10473461884147436
0.412960151522788
0.23472847525747248
0.12102782221869443
0.10662303612746703
0.42785080396194214
0.3663458929611194
0.3008863084590906
0.16487597192707032
0.23167715353460297
0.4316612376903056
0.2769964135753393
0.16759649401243923
0.43249617758063674
0.21629994483127296
0.2466658024556145
0.4951171114328854
0.7085106588544127
0.47912641948171836
0.4712635278701782
0.652635395526886
0.8120721280574799
0.40698370337486267
0.20392875373363495
0.10225864499807358
0.05159397050738335
0.02651928924024105
0.1331799728795886
0.4721390954218805
0.23871033149771392
0.24896889308001846
0.14576528657926247
0.07381485993391834
0.04278915670874994
0.022642297284619417
0.014013371237524552
0.41879234779298713
0.24729495281189884
0.6167755078981827
0.47279785333626023
0.2512094291972744
0.6242311851644331
0.5870034524035361
0.788659802488084
0.48997398784339197
0.539277536524235
0.7353897605602437
0.7299123959871379
0.7728224375412984
0.8855364013992808
0.8644459689300786
0.45239918652383143
0.37779491753979355
0.3400880228062661
0.5853084688673512
0.3582721534018763
0.5741881222846631
0.2878256783546271
0.5120312445194156
0.25700784588012254
0.22942552399711388
0.25884026503600965
0.13005127120037024
0.13022854232797595
0.16348223042492854
0.5306111184358835
0.27994672495127915
0.1465454749167025
0.07568390925228893
0.4217181889191285
0.24683596630767063
0.24116397867538072
0.5106028664605694
0.25535869839275266
0.1925900739554782
0.4032192906799028
0.3331185619563912
0.18493586979960674
0.09643983941602347
0.5344432001378518
0.2859371307028523
0.1431988031930323
0.4989423826965985
0.7289273180382101
0.36567267963372907
0.20265212748986106
0.517533138863949
0.69529519253607
0.8047705182116995
0.4317183737298732
0.35498769304856087
0.21091226350120915
0.28019720619346805
0.14419515582634065
0.14055664168155718
0.07415722720998788
0.48582988437602054
0.7246674570271826
0.41459157927977325
0.4893101894068086
0.2707961123788041
0.45106020180402606
0.2255345116457264
0.11325561157866917
0.48820483263335923
0.29155695227783074
0.5715500403841394
0.28608685679237333
0.5745724138965224
0.29167547808835975
0.4435477405128383
0.5822721793918562
0.3319165296688056
0.575198540455817
0.3766417549881929
0.22104186052250832
0.16024623927557452
0.34956698922854657
0.5779773558603822
0.2890174818747788
0.16202170315948872
0.08262157769783213
0.4875130073814783
0.26513870142843293
0.24345409166289353
0.40524753576255335
0.20281752768028027
0.2572753867649448
0.21783413694021167
0.2740766664630029
0.5547694693151044
0.7086884742052817
0.5832710596457851
0.29251174790341317
0.5911385648582312
0.3954918202327655
0.6004767326795541
0.3042962207537633
0.16684224973826317
0.09269946699693157
0.5210863048104165
0.6306071129574238
0.7949300630457132
0.663804184574233
0.801499551126533
0.7421477762804296
0.5907195671372546
0.2956465564158029
0.1677094738675389
0.5553089996672289
0.27956430715802394
0.14925701222063642
0.14054291348279288
0.09437392105967189
0.0789830284829457
0.04051286963202155
0.10134065641749698
0.4282470966070334
0.3176699143990596
0.3146424523167173
0.18767404214403827
0.4804478866649757
0.49899759888648987
0.5325549989938736
0.47224030643701553
0.7327190525829792
0.6768712941557169
0.34787915367633104
0.23284565517678857
0.12880949233658612
0.08955903875175864
0.06748549157055095
0.03447452691034414
0.021865877046366222
0.03039017445553327
0.01619699660295737
0.1083092394637788
0.06563560680388036
0.03433527805327685
0.022769730577465452
0.023381551747320373
0.05908754003286276
0.20184893673777538
0.5951061907714603
0.7713675828430056
0.8098513648734986
0.7501559637897461
0.7004624199327454
0.7617710625855438
0.8236022490128037
0.4426377960972069
0.24519058808346977
0.5828226643038809
0.6534165659165889
0.6224645037758604
0.40145106411517933
0.6014412109878723
0.7821055980934235
0.3913251624710129
0.5773515336814903
0.7065998133571636
0.6881384758428579
0.7804699494578364
0.8314015544522764
0.8561405379111052
0.8889590123561264
0.6246813197566689
0.47315878965624275
0.2457076971638605
0.5946529241854154
0.5229091809418898
0.6162540995194068
0.30832843895323825
0.15541055259887254
0.568417918969114
0.2871606858019627
0.14844323254846517
0.5449753456176469
0.6318416323692178
0.3164393765941548
0.5763180187948191
0.32620434123315634
0.21684948185105235
0.42958699454376653
0.5941685974076865
0.642782178495103
0.47376590816864067
0.6446443490618899
0.5688855197248079
0.6065999342112351
0.6592818534924889
0.8216301816977215
0.45796617956346036
0.5317895267972637
0.3928639220480764
0.6715497934462946
0.3372325432122907
0.2233043676525931
0.1998684140995433
0.44739444717542776
0.44266847602912013
0.7037745904544405
0.3750386184264924
0.487362262895192
0.67317384346847
0.3875226967758152
0.3095594939205156
0.5741121320234293
0.290420867418575
0.4730406291362284
0.2838813159404515
0.4216986345022082
0.5371334575995386
0.7296445381335706
0.8536151355352148
0.7103808078093402
0.8358724193236764
0.4179615863393513
0.43079131286495764
0.5536477538007192
0.6597403572031703
0.7404728971932752
0.7729445319878272
0.6522591522091236
0.540346925991456
0.3944782642213902
0.4250153018876116
0.652830199094822
0.3352474499206791
0.1770087594022875
0.3523708638663354
0.5532282917258771
0.3578426256059424
0.3663021333157428
0.4432082775801126
0.6143108906134815
0.713117197244607
0.7956486121263318
0.4271087087912466
0.21399724670862685
0.48835909460294014
0.6229881052886832
0.7204054000335628
0.7091020048835721
0.44705975061549974
0.6755169928366653
0.6194899231341835
0.33559501916902046
0.3933958746529459
0.32886471040729875
0.5891043031597346
0.5964361173105344
0.3160092702603392
0.3746995414841201
0.23784394987166058
0.11912901166945761
0.07098745288386973
0.48617329687841254
0.4547500883090869
0.3027756946557947
0.5041734346386884
0.2910831008671271
0.44346937707655365
0.5785178699671861
0.33397983802257164
0.5350094998523502
0.2822939139924898
0.6159855714600511
0.7282463009735558
0.7391224352310406
0.8142607136463278
0.7692899070131358
0.6242851596051244
0.39618140364556453
0.22881427360012602
0.5931651738903645
0.6314217223535837
0.3189178443854482
0.16558139209476266
0.5009264880643644
0.4932864308357239
0.24997766315937042
0.5946063175797462
0.6229020543396473
0.7560536954551935
0.877297674305737
0.9361503892578185
0.9590976622421294
0.7297217739978805
0.6339655763586052
0.3233142468670849
0.1616867767443182
0.09455078774044523
0.051238879230368184
0.026114709509784007
0.014775711960282933
0.22082325253222734
0.11432577388154641
0.05790965863400288
0.029648314457801916
0.01512349175496297
0.41614204906962016
0.7075428677774553
0.3552711016524377
0.3821918818646939
0.5784943626967207
0.7825229429526694
0.8862710725925151
0.7890625959466787
0.8260688367402003
0.9111864359634839
0.8292964593300085
0.671926612443172
0.33967680970154357
0.6686125459239987
0.33595925877323285
0.6095903233181961
0.3048046984022621
0.45739430972664374
0.3049609998302103
0.1796887536563695
0.08990396657179894
0.2748599131832078
0.216080297029493
0.10879650165462382
0.2632254781813616
0.314320108418226
0.15716883099305617
0.263162104071319
0.15021851548609133
0.20330391769139466
0.14722750308378785
0.5463143473976069
0.2731848600563016
0.15473966017646623
0.5686211795373908
0.2862426594279285
0.5626453735124108
0.7505975056534527
0.5562680954161048
0.7644273635955036
0.8120833037898629
0.8576099573873326
0.46032699939126
0.24725249407944194
0.6026103049430107
0.5058391317681896
0.2532226257004553
0.6141775455315021
0.605945031158085
0.795668323989687
0.3978436242322016
0.19893163198132754
0.2468884724075568
0.1490595856157428
0.1473402042611185
0.07420140303292588
0.40182009238560357
0.7006320203272469
0.8435358626111332
0.4448099544874819
0.3156417365487413
0.158511268874804
0.07950607825358699
0.5276240601591269
0.36110104096194107
0.33115982002149025
0.5554661998457213
0.7645195250365386
0.5646847548411911
0.7625348002874168
0.3813079164009945
0.2354177765837141
0.11870957577182989
0.060122257292042874
0.03025020948041017
0.16752351219946413
0.08766080883887543
0.044295097131267856
0.02288260794616524
0.011464221958998757
0.20011416757339434
0.10887123984214761
0.5500978918975448
0.3727294401380348
0.19166969736680028
0.5951622698717547
0.29980358352329495
0.6375678026182758
0.8142960291854197
0.8605345597739842
0.8704046662090136
0.9341266480802453
0.8788732155024487
0.485324182304714
0.3330904137059917
0.5261920040331716
0.7314318689446864
0.47926293178107426
0.6485050239349708
0.3539799411190204
0.1830363849348154
0.26503899591894575
0.14349445649848197
0.19194123123519527
0.10919797407802397
0.27287949615327745
0.6258158161918731
0.3656806237836883
0.18893968499403227
0.12462332564940566
0.07963119307334479
0.4917023994484308
0.24587843904687776
0.285547723818788
0.6093810153250739
0.5037523186328434
0.2519202220500719
0.6113093191415673
0.3068621900692883
0.2366857750721426
0.12121383465864516
0.4850266184287183
0.5869805319049415
0.2935223630536823
0.4254977430636301
0.7029862267640539
0.356640287382767
0.2151768546021806
0.3743100931603127
0.1952612186649647
0.2966189277757807
0.3533978110844693
0.3773538145569365
0.18989999458925927
0.09647079490491253
0.4699230492115021
0.23936976492404938
0.5426256731152534
0.5990572310984135
0.7276964355260134
0.5652241045609117
0.362280007917434
0.18500368134118617
0.11901052959728986
0.4978479552664794
0.7012524807651062
0.8431170982221374
0.7762690088202362
0.3951380352700653
0.6870646228653641
0.36573015403064346
0.665121698137682
0.8046898959858027
0.7206707655778928
0.656534585326483
0.45537218599000084
0.7107572711928611
0.7507125813476208
0.6204310247655691
0.31282887803296155
0.19103177362074408
0.5345113375454642
0.3676630903616298
0.48309237009956185
0.2784913790557471
0.14051775695550875
0.1329021531426332
0.4291113057774018
0.6685512979349351
0.36216475166483997
0.6621465762337262
0.33598456183474334
0.17555508215924637
0.18516437808523842
0.46523954768901205
0.3250983769691246
0.5440459159511455
0.2841314925500814
0.14729064473256787
0.35395589355997903
0.17716848792817524
0.18560105533493723
0.45999100789970737
0.55047084383938
0.72926533963667
0.44499420000308076
0.31227242386933823
0.25207213777600057
0.5766949267104184
0.7735056087829131
0.3937983714271316
0.5410465698802833
0.6549071421903553
0.6540909583708734
0.34761468446955535
0.3022143735324614
0.23383600482519828
0.2406543094375549
0.43518809469833064
0.2886646737272247
0.1477163160649292
0.5702763957186219
0.44173722775795443
0.6266051198642373
0.31720761783922313
0.1600521272818476
0.08093388708433658
0.0565053464571692
0.04046408541997559
0.025534144083660282
0.013250540216764528
0.00689875111977295
0.004472146560748597
0.0022621503124635317
0.2075855310087403
0.21039902544642491
0.1903485475809624
0.5092137663975979
0.38861600604730967
0.634198000267536
0.3232265364306125
0.22962997611249253
0.13266079751593254
0.06677741869262051
0.1564831637540022
0.21242117400956945
0.44065910337365066
0.22890756904083687
0.11815721481540897
0.5207190845881855
0.6270063089566904
0.3529566162445882
0.18548017410530343
0.1109789891446317
0.5308331689936263
0.5961474399617485
0.717984657528558
0.4131165052665068
0.48635664111439353
0.3882664120498497
0.24470542253569755
0.4212908664421041
0.5418761928417186
0.28992789782771966
0.14857582647447537
0.3720523039442537
0.23024473686726082
0.5606210435415864
0.2910982472194016
0.14627624067131578
0.37425858036907467
0.19222197063879148
0.5486273622915943
0.2762922722302774
0.13864054174238938
0.08923221573737511
0.09487826101733868
0.4578700983164391
0.2537323993264477
0.5125557264595648
0.25939324900058014
0.4743592312164461
0.260609888545044
0.13765990411806492
0.07048004704499437
0.4316671482611904
0.2526061083818083
0.3111646247875991
0.1819070017820747
0.09097367706329382
0.04845406205669421
0.04837269381292352
0.024633232730665252
0.012348951885123275
0.006910503898570549
0.01247105051801086
0.020978823551165465
0.171525694553369
0.15504368028258964
0.07797085683154903
0.18353011926317137
0.5428510741407867
0.5766166367141006
0.6211664933963417
0.3106162676713764
0.352026424283877
0.4931100606918335
0.2526910901069641
0.591843992471695
0.6904047280550003
0.8408803418278694
0.8989116884768009
0.9005351532250643
0.5755143547430634
