0.6257356405258179
0.5557759553194046
1.4321548100560904
1.6253325081896035
1.0049242761672939
0.52865517816387
0.46761392649275146
0.40921377350121063
0.5071554711269901
0.9177645012196521
0.9275192090769154
0.9779922277020514
1.3155367668967657
1.2925132727288342
1.2132426821413782
0.6370517094624193
0.5707267145048214
0.6473491606378857
1.105938262254622
0.5872614194135655
0.5138788653446427
0.4662194926444731
0.4112709158699748
0.36035712756573235
0.31575105759627314
0.3503982563961134
0.3103179531921955
0.2723846383816263
0.23880049133653225
0.2090301511318528
0.33479073623092603
0.3095090350197025
1.2620929147402926
1.0963311110377565
0.5843394115647806
1.507668075531323
1.7805555047830337
1.9174707090532985
1.0071412406096862
1.343124611467943
0.7077106031057072
1.3829975692671765
1.6982557593114347
1.8297831977031394
0.9845901828434493
1.8575665889926873
1.806244721794403
0.9727184694625388
0.8515482476766179
1.696386860309875
1.5383599166193493
1.7868034969928281
1.5285416731099555
0.8038688750715695
0.9133674820458081
1.7154050524205753
0.9207081540390515
1.5895712749132596
1.7503743665798275
0.9510904631144282
0.8770969431584743
1.2053703224522332
0.6329372874724657
0.5538367860366222
0.4937386789662791
1.0571913365423935
1.3738301925905183
0.7686888630042482
1.3245208087557314
0.7183509853553497
0.9403905832457302
0.8233650891211419
0.7209915342130702
0.6308891693178451
1.2718298663194658
0.6918185532575084
0.620492108953454
0.5433702093918131
1.3753337532022725
0.7400760061157786
0.6488435646679415
0.571540150363059
0.5020298949420052
0.4435273103512474
1.1155041040005789
1.1916333427068406
0.7315741027165777
0.6430086284054479
1.5471512566533203
1.2159236478335083
0.9543541182032595
0.8350958844356189
0.74431815920183
0.6520694323447378
0.5783609747448218
1.0659160688135842
1.4888770380787308
1.6388362720177008
1.4805209526565524
1.3708511235119996
0.7366197905884286
1.4973708194199045
0.8244817362123719
1.666865983869358
1.7851249929413249
0.9412942222730469
1.6657272831081482
0.9209844394650603
1.406119556090308
1.325156750979089
0.69576081923503
0.8710739228166742
1.0797701141643428
0.6258928852517553
0.5664264030838266
1.4203119783735496
1.7063643005784865
0.8962276449134619
0.8106817415892419
0.8324429601527173
1.4180096943015659
1.1071849369395048
1.477309849289938
0.7756065655496112
0.684530050819426
1.2707361552686947
0.6707812459394351
1.2423423302406458
1.6347625822249108
0.858274257130633
0.7724555447238772
1.5005155106604922
0.7878083430345788
0.6893462774444563
0.7375512701896653
1.3411679178277003
1.4847753358527678
1.7020266159513042
1.7831768269015038
1.35366603525511
0.8377245318474031
1.5307159269982527
1.5622080364520672
0.9873415454541687
0.8700407789424721
1.0104936252525654
0.630852460861206
0.5820856690406799
1.4347162768244743
1.5020566022023558
0.8385246235830709
0.737160065160715
0.6468096634628454
0.5663300606878419
0.5437839648736359
0.921910280377789
1.4153816055180959
0.7661961336169862
0.8818646835118478
1.158336221772055
1.349628264992188
0.7089580049381594
0.628882907974988
0.7268938921439012
1.3984791551757794
0.7375745535128011
0.6459050268137064
0.8551780957905606
0.7513831959726548
0.7457361760975787
1.0999152238504724
0.5823231952440474
1.5029662117282814
1.6877407495263357
1.7873638469620197
1.8769914745577094
0.9864391079173641
1.8055023095804341
0.9500326916022988
1.628805739570499
1.8391101062463135
1.9125676415947441
1.0226279038050141
1.5359860566631598
1.6647887330623679
0.8929803424299172
0.7817523823745907
1.6309421661741412
1.8350544707680354
1.5376740243802387
0.8097242923631476
0.9055342039016316
1.7530654709020257
0.9740011385333015
1.450014892205103
1.7228183061548714
0.9454905567666927
0.884449892326038
1.258635015734395
0.6608680516584609
0.5782696481884426
0.5193662908472909
0.6517394118953255
0.9661679731575095
1.2361023533763005
0.7095040377896323
0.6237787713414562
1.3265214136322703
1.2521421044883323
0.7441948198431756
0.8985835959772043
0.8338602303442658
1.5194972484414913
0.7998093731979724
0.7148123554197621
0.6318206563921483
1.4591547055458276
0.9264926718466486
1.7866863440418124
1.8454509930059846
0.9692751295396591
1.5773871502429537
0.8931118602160517
1.565100983806294
0.8216836491372356
1.1165543232612707
0.6964277538640073
0.6767784057915136
1.5853492802880638
0.9286768936031835
1.7766112228283837
1.4580712242450333
0.772710790222005
0.676151207324839
0.6839286385301295
1.157834898534725
0.8470518140288569
1.4255464578425716
0.7904712224996896
1.1059900603564787
0.7347972346328606
0.8834130425115472
1.4356112481656214
0.7541238368341161
0.6698523574263084
0.7032496617775609
1.5445734288020698
1.3819165869062124
1.5963985540310655
0.9068980077272712
1.638624894315531
0.8668958838180982
1.2801260385385898
1.0423174085788594
0.6544151460976053
0.8942056433726666
0.7838786884469939
0.9695318826817233
1.3938450865631218
1.6453815130054532
1.3130876153231936
1.4083592974144885
1.2317510409727
1.026782540567369
1.0616830614666308
0.6276829942481306
0.5520754174753539
1.193736461482341
0.6267612631450045
0.5493632528596822
0.7100033587949466
0.7391376344755161
0.6855572032278289
0.5998745035556278
0.5263283910849597
0.46536874569322095
1.391754506252778
1.507383891013116
0.8712767181149089
0.7758075883172049
1.4504697947610747
0.987201014178733
1.842958812058491
1.2158759526151162
1.3178671646279407
1.0597200746620907
0.6068259841724969
0.9029185047456766
0.8006342611581585
1.3961719986435461
0.7462509022389116
0.7868410649850943
0.8071884627228584
0.9001626844902739
0.8247165273862498
0.8447597267560899
0.9470726251602173
0.8407587260007858
1.6815843526273966
1.7922082275617868
1.1422239177918527
0.6615586059873749
0.5891081199434666
0.5155174376779655
0.7589637028115122
1.0233579713672387
1.1040032093971215
0.8928169704731158
1.351987854649511
1.4140852057985374
1.4671600337949644
1.3893603036768045
0.7801163140667055
0.6830360542502008
0.6669041210830462
1.0778176295377533
0.9970882278183404
1.085249662281264
0.8357959806299451
0.7353635422343227
1.3197458900968169
0.7724074410328234
0.8809950154088779
0.8744891112973281
1.628076858588928
0.8648983829380659
0.8900520274059365
0.7788109019785465
0.6814848116006129
0.596796461899575
0.5252455327307775
0.4635065815569107
0.40602360854605846
0.4489622151235989
0.395721349215281
1.3259691436676189
0.7027874669217767
0.6159210498815516
1.3116252083306534
0.7297470093598601
0.6456488848454562
0.9518701702988105
0.8329195391939543
1.5025206889043903
0.7950371458926393
0.6961345186281969
1.3902267984194232
0.8196035340540014
1.3915513953291727
1.3917458132286629
1.5672798494075115
1.510313576288675
0.7929297969336496
0.805132518201648
0.9670664605904434
0.8461984416080229
0.7662859129611277
0.6705869284014573
0.5867751256523616
0.6626645563950961
0.5872407018191588
0.7598039857214789
0.9851389013437268
1.0370219719776865
1.0250859469665996
0.549946688662897
0.6539382687902094
1.0630928062134668
0.5581275975639804
1.1055722744706558
0.5928116171069666
0.520307778064833
0.45569637308654454
0.8235182417320223
0.8381924923535322
1.1233619709056235
1.34218444686153
0.7486348240279624
0.6560624914979474
0.6803540803902938
0.6992846991295014
0.8223099194432393
0.8993827548779009
1.5265481115641533
1.2216091684165327
1.1329050937417082
0.6176882129450182
0.8670184015082416
1.386654235322397
1.1683313102866595
1.025344016845656
1.1650414153091182
0.6130384220858253
0.5512504738973932
0.8823711119201221
1.3668645855628583
0.8529954705976094
1.5197577536155595
0.8314340503539793
1.1691302699432158
1.0780014581836588
0.7185953401886023
1.3543370118183167
1.3934047464511983
1.114244521467949
1.0737611670541356
1.0850549693013216
1.3418900272677459
1.0063363545388788
0.5290480109509502
0.47120202540353834
0.413917892566536
0.3625727387441321
1.0359030371558153
0.5472566622462898
0.6215169624210547
0.5589606336013483
0.9242775067537036
1.5545547576489924
0.8162406683132063
1.4128157645607375
0.8644704822526178
1.2750895622717913
0.669446666713305
0.5881168789826624
0.5149418069687927
0.5100370158301307
0.8354875764104922
0.733639961058552
1.1981415499029786
1.1976578700650307
1.25109967646569
0.7303380961738453
0.8707305487078549
1.698424350129749
0.9254398581646605
1.0177126137023054
1.0096375216039581
1.2163407838564213
1.1880736548717892
0.6660709306084552
0.9461199045181274
1.4323150962591171
1.2922965507954358
1.6408657815214247
1.0358451791338157
0.6617823013225512
1.464364203064581
1.0531301279174223
0.5796244208153228
0.5348894651849193
1.310433005204224
0.8996431964913728
1.5242245615516858
1.2127321939689166
0.6367557783957998
1.016035472108135
0.5704791220480551
1.0968735231357372
1.2253302402331152
0.6436799948605598
0.8541044604821616
1.588854202184892
1.7394258275536234
0.9137749363806303
0.8217161922254314
0.916103142005541
0.8016048225904959
0.6257356405258179
0.5557759553194046
1.4321548100560904
1.6253325081896035
1.0049242761672939
0.52865517816387
0.46761392649275146
0.40921377350121063
0.5071554711269901
0.9177645012196521
0.9275192090769154
0.9779922277020514
1.3155367668967657
1.2925132727288342
1.2132426821413782
0.6370517094624193
0.5707267145048214
0.6473491606378857
1.105938262254622
0.5872614194135655
0.5138788653446427
0.4662194926444731
0.4112709158699748
0.36035712756573235
0.31575105759627314
0.3503982563961134
0.3103179531921955
0.2723846383816263
0.23880049133653225
0.2090301511318528
0.33479073623092603
0.3095090350197025
1.2620929147402926
1.0963311110377565
0.5843394115647806
1.507668075531323
1.7805555047830337
1.9174707090532985
1.0071412406096862
1.343124611467943
0.7077106031057072
1.3829975692671765
1.6982557593114347
1.8297831977031394
0.9845901828434493
1.8575665889926873
1.806244721794403
0.9727184694625388
0.8515482476766179
1.696386860309875
1.5383599166193493
1.7868034969928281
1.5285416731099555
0.8038688750715695
0.9133674820458081
1.7154050524205753
0.9207081540390515
1.5895712749132596
1.7503743665798275
0.9510904631144282
0.8770969431584743
1.2053703224522332
0.6329372874724657
0.5538367860366222
0.4937386789662791
1.0571913365423935
1.3738301925905183
0.7686888630042482
1.3245208087557314
0.7183509853553497
0.9403905832457302
0.8233650891211419
0.7209915342130702
0.6308891693178451
1.2718298663194658
0.6918185532575084
0.620492108953454
0.5433702093918131
1.3753337532022725
0.7400760061157786
0.6488435646679415
0.571540150363059
0.5020298949420052
0.4435273103512474
1.1155041040005789
1.1916333427068406
0.7315741027165777
0.6430086284054479
1.5471512566533203
1.2159236478335083
0.9543541182032595
0.8350958844356189
0.74431815920183
0.6520694323447378
0.5783609747448218
1.0659160688135842
1.4888770380787308
1.6388362720177008
1.4805209526565524
1.3708511235119996
0.7366197905884286
1.4973708194199045
0.8244817362123719
1.666865983869358
1.7851249929413249
0.9412942222730469
1.6657272831081482
0.9209844394650603
1.406119556090308
1.325156750979089
0.69576081923503
0.8710739228166742
1.0797701141643428
0.6258928852517553
0.5664264030838266
1.4203119783735496
1.7063643005784865
0.8962276449134619
0.8106817415892419
0.8324429601527173
1.4180096943015659
1.1071849369395048
1.477309849289938
0.7756065655496112
0.684530050819426
1.2707361552686947
0.6707812459394351
1.2423423302406458
1.6347625822249108
0.858274257130633
0.7724555447238772
1.5005155106604922
0.7878083430345788
0.6893462774444563
0.7375512701896653
1.3411679178277003
1.4847753358527678
1.7020266159513042
1.7831768269015038
1.35366603525511
0.8377245318474031
1.5307159269982527
1.5622080364520672
0.9873415454541687
0.8700407789424721
1.0104936252525654
0.630852460861206
0.5820856690406799
1.4347162768244743
1.5020566022023558
0.8385246235830709
0.737160065160715
0.6468096634628454
0.5663300606878419
0.5437839648736359
0.921910280377789
1.4153816055180959
0.7661961336169862
0.8818646835118478
1.158336221772055
1.349628264992188
0.7089580049381594
0.628882907974988
0.7268938921439012
1.3984791551757794
0.7375745535128011
0.6459050268137064
0.8551780957905606
0.7513831959726548
0.7457361760975787
1.0999152238504724
0.5823231952440474
1.5029662117282814
1.6877407495263357
1.7873638469620197
1.8769914745577094
0.9864391079173641
1.8055023095804341
0.9500326916022988
1.628805739570499
1.8391101062463135
1.9125676415947441
1.0226279038050141
1.5359860566631598
1.6647887330623679
0.8929803424299172
0.7817523823745907
1.6309421661741412
1.8350544707680354
1.5376740243802387
0.8097242923631476
0.9055342039016316
1.7530654709020257
0.9740011385333015
1.450014892205103
1.7228183061548714
0.9454905567666927
0.884449892326038
1.258635015734395
0.6608680516584609
0.5782696481884426
0.5193662908472909
0.6517394118953255
0.9661679731575095
1.2361023533763005
0.7095040377896323
0.6237787713414562
1.3265214136322703
1.2521421044883323
0.7441948198431756
0.8985835959772043
0.8338602303442658
1.5194972484414913
0.7998093731979724
0.7148123554197621
0.6318206563921483
1.4591547055458276
0.9264926718466486
1.7866863440418124
1.8454509930059846
0.9692751295396591
1.5773871502429537
0.8931118602160517
1.565100983806294
0.8216836491372356
1.1165543232612707
0.6964277538640073
0.6767784057915136
1.5853492802880638
0.9286768936031835
1.7766112228283837
1.4580712242450333
0.772710790222005
0.676151207324839
0.6839286385301295
1.157834898534725
0.8470518140288569
1.4255464578425716
0.7904712224996896
1.1059900603564787
0.7347972346328606
0.8834130425115472
1.4356112481656214
0.7541238368341161
0.6698523574263084
0.7032496617775609
1.5445734288020698
1.3819165869062124
1.5963985540310655
0.9068980077272712
1.638624894315531
0.8668958838180982
1.2801260385385898
1.0423174085788594
0.6544151460976053
0.8942056433726666
0.7838786884469939
0.9695318826817233
1.3938450865631218
1.6453815130054532
1.3130876153231936
1.4083592974144885
1.2317510409727
1.026782540567369
1.0616830614666308
0.6276829942481306
0.5520754174753539
1.193736461482341
0.6267612631450045
0.5493632528596822
0.7100033587949466
0.7391376344755161
0.6855572032278289
0.5998745035556278
0.5263283910849597
0.46536874569322095
1.391754506252778
1.507383891013116
0.8712767181149089
0.7758075883172049
1.4504697947610747
0.987201014178733
1.842958812058491
1.2158759526151162
1.3178671646279407
1.0597200746620907
0.6068259841724969
0.9029185047456766
0.8006342611581585
1.3961719986435461
0.7462509022389116
0.7868410649850943
0.8071884627228584
0.9001626844902739
0.8247165273862498
0.8447597267560899
0.9470726251602173
0.8407587260007858
1.6815843526273966
1.7922082275617868
1.1422239177918527
0.6615586059873749
0.5891081199434666
0.5155174376779655
0.7589637028115122
0.6257356405258179
0.5557759553194046
1.4321548100560904
1.6253325081896035
1.0049242761672939
0.52865517816387
0.46761392649275146
0.40921377350121063
0.5071554711269901
0.9177645012196521
0.9275192090769154
0.9779922277020514
1.3155367668967657
1.2925132727288342
1.2132426821413782
0.6370517094624193
0.5707267145048214
0.6473491606378857
1.105938262254622
0.5872614194135655
0.5138788653446427
0.4662194926444731
0.4112709158699748
0.36035712756573235
0.31575105759627314
0.3503982563961134
0.3103179531921955
0.2723846383816263
0.9933781623840332
1.684681475162506
0.8927928581833839
1.0157043812796474
0.9656728621339425
1.7948399435990723
1.9136626806899584
1.882418178091293
0.9888544438771097
1.8472973419904934
0.9987861171048997
1.627043492878164
1.712637160047352
1.652163378653766
1.0356932569894857
1.539483188282517
1.4736591004459165
0.7910608318589383
0.6922740423430475
1.5418843774279742
1.3247207882848793
1.693611417561262
1.295356595549466
0.6868107399519066
0.7922605048645345
1.3084267923881816
0.6980782706108052
1.4413238578782046
1.7428870133773904
0.9265971923285345
0.8395344069959638
1.4483434453548667
0.7604907264157513
0.6654433331006598
0.5894653629238013
0.8045875581207651
1.2018022743950219
0.7457503725337201
1.3563912628185064
0.9262873726087747
1.020259613531152
0.5360680135459629
0.469125732613063
0.4104928540472181
0.49663286620115166
0.702693984528562
0.6158976653393686
0.539018878020794
1.4146908299060732
0.7444878610337116
0.65298199338901
0.571952161419287
0.5005298456295408
0.48055497811745285
1.163625349657703
1.4403232790826843
0.8084399849518656
0.7097642552407041
1.5872734005359335
1.2164672054778982
1.0221656774395713
0.5366880916386698
0.4863058944519483
0.42635516250919375
0.3785213573196748
0.6938237995397862
1.5219983924607772
1.7129756382425305
1.5514579534473847
1.1986668246954664
1.163813318057283
1.2949418065476395
1.1579181049965013
1.2217279751816044
1.0452856075616968
0.5496376317960474
1.1217946774705894
0.5889999923751691
0.5168859710733291
0.6474602005516661
1.5207656730145986
1.7333420780488509
0.9100770702236934
0.8967455110440441
0.833874284853892
1.5370901745324947
1.3701521922078679
0.7193352057225156
0.6322840367233572
0.55509222300513
1.2424951410065639
1.6158097931026951
0.9548256519284603
0.8537115561456394
0.7471011746977317
0.6891467010401418
0.7170602188502638
0.8207792284831928
1.3766490581037933
0.9142089645327355
1.6868901913591794
1.6773091305539012
1.204622163211666
1.1640838546192303
0.6117461199942945
0.6906012709896518
1.5233994636898895
0.7998465582561465
0.7012818256247019
0.613921378982512
0.5445799907703119
0.9516394208447688
0.8364118398978794
0.7323687875305785
0.6412588162750777
0.5898989417244425
0.5988315771846227
1.3639286683971406
1.3145039132894802
0.9583487776043422
1.5251422756644195
1.398950739474034
0.7392312188741974
1.4205972912234799
1.4994535739441153
1.7452282105873231
1.413281267620112
0.7501303359984531
1.3153956735610244
0.7286374332856754
1.6280849071401027
0.8548448610633885
0.7603559953261406
0.6662622495991853
0.9795870780944824
0.9006865918636322
1.752444315701723
1.8354945079423486
1.079526699122507
0.5669167113123111
0.4973267081221492
0.43556317115679205
1.0418727534189618
0.8438248169438808
0.9187609146549972
0.8852739946743189
0.7750708698841727
0.7811882480642395
0.8395296321887321
1.2136192459122568
0.6445180130585552
0.5645011771233336
0.6005459373143835
0.5283368107506715
0.5316681382284013
1.274954813477622
0.9689041349515756
0.853968841490374
1.0352873949458923
0.7029192823004355
1.610338273704318
1.8003863901959265
1.8804486071874562
1.9542677725156326
1.0270254662156197
1.4477423277023482
0.7692760238473217
1.571731404289258
1.8114936091581408
1.8700377506506143
0.9992375860917708
1.8734288045783463
1.8101190835471255
0.9842785833153659
0.8613479195176902
1.715525006341132
1.8884872276790698
1.5686126958910698
0.8248563325486221
0.8633776457678709
1.5692818818117185
0.84049037548434
1.2538191976245727
1.6342839383682266
0.8871994129211052
0.8553346790340096
1.019821782686634
0.5354838921463685
0.46856795595155876
0.41513947139490026
0.5303286915423455
0.8881593425797158
1.0771190220873448
0.6026306574294437
0.529715008701462
1.1284109490810645
1.3954936844400443
0.7914492165747519
0.8733297677080165
1.0024734963809738
0.8623903424206899
1.6917991292308356
1.288659763059125
0.6942074106669232
0.6094621549764105
0.8601830268282666
1.5797511270971698
1.0128029936501475
0.8423602974239263
0.9311649547363682
1.4969396072677963
0.7963541771945756
1.193682449333889
1.4893589527093738
0.7823705283908813
0.6956688719089004
1.2295485474127805
0.9640497160122389
1.301690610065549
1.4686871098504533
1.3100017584054355
1.4486327643455623
1.1838256130131402
0.6248623703910874
1.4781224482377093
0.7769231369483325
0.6806825920034817
1.3850626954017282
1.547240341157074
1.769202848609722
1.661915995356072
0.9789349677962365
1.776719509308737
0.9382245936405964
1.2961958993087976
1.016984835567142
0.6509728124077959
0.9039745657686257
0.792478530398347
0.8300290432497073
1.2271575615861696
1.4537817791283933
1.1372394702305322
0.9528893186918607
1.5396690477915354
1.026017910017924
1.1501081079557907
0.7878955828562945
0.6923366535692039
1.3606393566096866
0.7143538714390644
0.6266256303413652
0.8637925897509803
0.825528532282718
0.8009211830935697
0.7008236185770823
0.620655660237262
0.5536900051978386
1.4133049674311045
1.4577216162707756
0.84732639626402
0.75705285227568
1.539062042402597
1.2966149490752519
1.638982848016552
1.0897715903682204
0.9787124404425833
1.370742992359001
0.9376091905372732
1.0046791985079864
0.5555537021243314
1.1484005989207102
0.6179931505844959
0.7481699885214589
0.731994468830483
0.9228870064066348
0.853958476711381
0.8867740387598028
0.9766044020652771
1.4638242796063423
0.8528696874156594
1.7326559779001398
1.1912979416450251
1.195937992087027
0.6303430353594679
0.6285111070293934
0.5500003561915365
0.4818193870135875
0.42252233253718813
0.3765380610868456
0.33766346187536733
0.2959047991509409
1.0896370046998833
1.132919584480378
1.5860732319483288
1.7612748701699368
1.728845637405623
0.9865728616714478
0.8699201494455338
1.700415102764964
1.7117383194621651
1.1207897870882877
0.6122770895362772
0.5455512619093823
0.4774380886620578
0.7514225362298895
0.7840475394068418
1.1153585051020956
0.6907576944056661
0.9034961260776294
1.7661907049758236
1.72584936327637
1.809173969289888
0.9502679880729766
1.4639987279213984
0.7773192234684723
1.5619035928814098
1.7098525061128989
1.7866235096561103
0.9884424197312467
1.8498831976634005
1.7105493688901676
1.004515113012812
0.527733009385895
1.3687383146701775
1.7073392650584105
1.4022022967614087
0.7406121596361807
1.01591789142116
1.1158546089461212
0.5959879305609714
1.249679742089666
1.5862476322667522
0.8947143886634488
0.8077166966974916
1.2285831452243188
0.6450156581836091
0.5644005920372906
0.5144821293798278
0.9724188200326057
1.737539560370632
1.1380019884862689
0.8517151006378778
0.7822702042538218
1.0962669946991905
0.5764329305865208
0.5044922419022133
0.4414554773943408
1.0910475052177593
0.7697979999889268
0.6823307518309024
0.5974750880030253
1.458707841055992
0.7674390481950207
0.67298545501244
0.5936473638207758
0.5199766036462946
0.4781573307532214
1.0947369466737782
1.312840525162303
0.887451634329899
0.7818586998502919
1.6649528594469474
1.3007637095569677
0.763371420091642
0.6683191539476032
0.598366823934118
0.5243866903084269
0.4662088557765416
0.6068165207008362
1.5009314632502555
1.6847873904750608
1.6806583423101977
1.7139657268731932
0.9057661854376194
1.6453140718495918
0.8923067465371826
1.75928134601102
1.8671505839865654
0.9887772227726038
1.7984475441005279
1.17025309972901
1.2037624263842195
1.4671321914237367
0.7702916073761239
1.2661082801189645
0.707720002522814
0.6689008731314582
0.5923242942825369
1.4584546416296051
1.6319582753260016
0.8568639550369497
0.8219073831579413
0.7512507430810392
1.3027499311254749
1.504798139271172
0.790019768175425
0.6927370284843685
0.6071561225247593
0.9981864235791748
0.9226359475894805
1.76981245036806
0.9292036905074098
0.8312580970337968
0.8346343079194037
1.0825825963528486
0.873299156418299
1.330466777525344
1.2818424979667358
1.381286498596843
1.4651363206531132
1.553255616041859
1.5363938278622835
1.3599799772104015
0.7525465406477655
1.3914789783768535
0.9234595462284145
0.8250619018104126
0.7227108790003403
0.648054388595894
1.3134141504805443
0.7315201325736054
0.6635163643043644
1.133242171587669
0.5949557759668574
0.9614435653902965
0.8486882193277918
1.2246809825764906
0.9793233050276912
0.9879312094746845
1.3437260617426499
0.7144789249247331
1.193840881857054
0.7766050297550436
0.6801122152522769
0.9294104484966518
1.6509352246641846
1.403960219309018
0.8692848398534209
1.237406705813287
1.4578053820860943
0.7844255438531035
1.0857443324922542
0.7658736272558059
0.9759814062134847
1.4643214050545663
1.50220889840499
0.7887136138661415
1.4832240539328005
0.7791724457051621
0.6832163554423036
1.101116527541862
1.2192172203936207
0.8748128768901988
1.630067528532281
1.2759334973040477
0.7368297123968809
0.9398460984230042
0.8311818167567253
1.5731656709685922
1.5494113945635035
1.2384158707089954
0.660375687144653
0.5891784638957669
0.5156616602785318
0.952936898185915
0.9397218020755479
1.1189004300036656
0.6498893471508502
0.9959740167315423
1.512953180548913
0.8278735108183001
0.7244506849478088
0.6473400247024101
1.3585577602620698
0.7191101563576641
0.6522528897750685
0.5717826882650227
0.6393713031901468
0.5649655849096036
0.5738746490639696
0.9746261880538829
1.1273509452764414
1.5821616897744653
1.8046799849595057
1.87785044951646
1.9105814021109486
1.0034684453081535
1.4061016201652596
0.7498810627888335
1.3311106559114512
1.6449837548683433
1.798322742000613
0.9938802878340894
1.8676668544854436
1.7296094520518184
1.0139866751834974
0.5326651079717023
1.3899046108479203
1.717862557452055
1.3160259349322263
0.6935496610569328
0.8046636826690484
1.497983715537627
0.8357299023288545
1.1243050070346197
1.5557135149999382
0.8582009303282756
0.7900328685092107
1.1797173662077665
0.6193771280470413
0.5419709014813161
0.4794475150038847
0.6563728573857539
1.0445898803642835
0.7600943314135082
0.7140193242542452
0.6277377830320043
1.1732200878934824
1.4711013785491684
1.480499591383577
1.5910632164532457
0.8356166128723442
1.3301348898666643
1.6588090173676817
1.6723946048760896
0.9026583671391859
0.7902504265152661
1.3332503341002109
1.5929859363774947
1.1460079132481176
1.4698298994656378
0.9458720204807208
0.8538431701938088
0.9628731241469387
0.9531953088257912
1.4231340967453945
0.85025222733514
1.468474573696995
0.7719480952350356
0.6869666244225751
0.6922200627557853
1.3668618096911278
1.6561799232514467
1.265545181113946
0.8808465035072918
1.0418826368846457
0.5469961627705822
0.4795735286013224
0.5996637399538305
1.1665763903261177
0.6270898963526388
1.1926117427474323
0.626163901472706
1.411530741936506
1.7066860781763336
0.8987830289198486
0.7864410809670227
1.0203595698371575
0.6281568868716457
1.1708017767260384
1.5240032081717951
0.8152628409445504
0.7421242107086075
1.6132230108470824
1.7653631703439188
0.9272226449450838
0.8679698568608228
0.8574418752662968
1.129707998346642
0.8561236518755173
0.750487357464213
0.6912831925610021
1.473140329654207
1.6482541318048782
1.4427995494542138
1.0960318943915017
0.5759638257876093
0.712961246028361
1.4238838387260486
0.9101867990874316
0.8623001851176404
1.3322693052732233
1.2886529088013097
0.6775696757432004
1.396276426575746
1.703179978268978
1.0877372712316706
1.265697339422689
1.4955695133455322
1.2266464652667497
1.0245999794777512
1.2804691173958327
1.480072090389526
1.251354563648654
0.7112299530883186
0.6567328709395834
0.986220121383667
0.8752147257328033
1.6968097798526287
1.8013219653628765
1.084568592410069
0.6064685767520568
0.5474272084658804
