0.6257356405258179
0.5557759553194046
1.4321548100560904
1.6253325081896035
1.0049242761672939
0.52865517816387
0.46761392649275146
0.40921377350121063
0.5071554711269901
0.9177645012196521
0.9275192090769154
0.9779922277020514
1.3155367668967657
1.2925132727288342
1.2132426821413782
0.6370517094624193
0.5707267145048214
0.6473491606378857
1.105938262254622
0.5872614194135655
0.5138788653446427
0.4662194926444731
0.4112709158699748
0.36035712756573235
0.31575105759627314
0.3503982563961134
0.3103179531921955
0.2723846383816263
0.23880049133653225
0.2090301511318528
0.33479073623092603
0.3095090350197025
1.2620929147402926
1.0963311110377565
0.5843394115647806
1.507668075531323
1.7805555047830337
1.9174707090532985
1.0071412406096862
1.343124611467943
0.7077106031057072
1.3829975692671765
1.6982557593114347
1.8297831977031394
0.9845901828434493
1.8575665889926873
1.806244721794403
0.9727184694625388
0.8515482476766179
1.696386860309875
1.5383599166193493
1.7868034969928281
1.5285416731099555
0.8038688750715695
0.9133674820458081
1.7154050524205753
0.9207081540390515
1.5895712749132596
1.7503743665798275
0.9510904631144282
0.8770969431584743
1.2053703224522332
0.6329372874724657
0.5538367860366222
0.4937386789662791
1.0571913365423935
1.3738301925905183
0.7686888630042482
1.3245208087557314
0.7183509853553497
0.9403905832457302
0.8233650891211419
0.7209915342130702
0.6308891693178451
1.2718298663194658
0.6918185532575084
0.620492108953454
0.5433702093918131
1.3753337532022725
0.7400760061157786
0.6488435646679415
0.571540150363059
0.5020298949420052
0.4435273103512474
1.1155041040005789
1.1916333427068406
0.7315741027165777
0.6430086284054479
1.5471512566533203
1.2159236478335083
0.9543541182032595
0.8350958844356189
0.74431815920183
0.6520694323447378
0.5783609747448218
1.0659160688135842
1.4888770380787308
1.6388362720177008
1.4805209526565524
1.3708511235119996
0.7366197905884286
1.4973708194199045
0.8244817362123719
1.666865983869358
1.7851249929413249
0.9412942222730469
1.6657272831081482
0.9209844394650603
1.406119556090308
1.325156750979089
0.69576081923503
0.8710739228166742
1.0797701141643428
0.6258928852517553
0.5664264030838266
1.4203119783735496
1.7063643005784865
0.8962276449134619
0.8106817415892419
0.8324429601527173
1.4180096943015659
1.1071849369395048
1.477309849289938
0.7756065655496112
0.684530050819426
1.2707361552686947
0.6707812459394351
1.2423423302406458
1.6347625822249108
0.858274257130633
0.7724555447238772
1.5005155106604922
0.7878083430345788
0.6893462774444563
0.7375512701896653
1.3411679178277003
1.4847753358527678
1.7020266159513042
1.7831768269015038
1.35366603525511
0.8377245318474031
1.5307159269982527
1.5622080364520672
0.9873415454541687
0.8700407789424721
1.0104936252525654
0.630852460861206
0.5820856690406799
1.4347162768244743
1.5020566022023558
0.8385246235830709
0.737160065160715
0.6468096634628454
0.5663300606878419
0.5437839648736359
0.921910280377789
1.4153816055180959
0.7661961336169862
0.8818646835118478
1.158336221772055
1.349628264992188
0.7089580049381594
0.628882907974988
0.7268938921439012
1.3984791551757794
0.7375745535128011
0.6459050268137064
0.8551780957905606
0.7513831959726548
0.7457361760975787
1.0999152238504724
0.5823231952440474
1.5029662117282814
1.6877407495263357
1.7873638469620197
1.8769914745577094
0.9864391079173641
1.8055023095804341
0.9500326916022988
1.628805739570499
1.8391101062463135
1.9125676415947441
1.0226279038050141
1.5359860566631598
1.6647887330623679
0.8929803424299172
0.7817523823745907
1.6309421661741412
1.8350544707680354
1.5376740243802387
0.8097242923631476
0.9055342039016316
1.7530654709020257
0.9740011385333015
1.450014892205103
1.7228183061548714
0.9454905567666927
0.884449892326038
1.258635015734395
0.6608680516584609
0.5782696481884426
0.5193662908472909
0.6517394118953255
0.9661679731575095
1.2361023533763005
0.7095040377896323
0.6237787713414562
1.3265214136322703
1.2521421044883323
0.7441948198431756
0.8985835959772043
0.8338602303442658
1.5194972484414913
0.7998093731979724
0.7148123554197621
0.6318206563921483
1.4591547055458276
0.9264926718466486
1.7866863440418124
1.8454509930059846
0.9692751295396591
1.5773871502429537
0.8931118602160517
1.565100983806294
0.8216836491372356
1.1165543232612707
0.6964277538640073
0.6767784057915136
1.5853492802880638
0.9286768936031835
1.7766112228283837
1.4580712242450333
0.772710790222005
0.676151207324839
0.6839286385301295
1.157834898534725
0.8470518140288569
1.4255464578425716
0.7904712224996896
1.1059900603564787
0.7347972346328606
0.8834130425115472
1.4356112481656214
0.7541238368341161
0.6698523574263084
0.7032496617775609
1.5445734288020698
1.3819165869062124
1.5963985540310655
0.9068980077272712
1.638624894315531
0.8668958838180982
1.2801260385385898
1.0423174085788594
0.6544151460976053
0.8942056433726666
0.7838786884469939
0.9695318826817233
1.3938450865631218
1.6453815130054532
1.3130876153231936
1.4083592974144885
1.2317510409727
1.026782540567369
1.0616830614666308
0.6276829942481306
0.5520754174753539
1.193736461482341
0.6267612631450045
0.5493632528596822
0.7100033587949466
0.7391376344755161
0.6855572032278289
0.5998745035556278
0.5263283910849597
0.46536874569322095
1.391754506252778
1.507383891013116
0.8712767181149089
0.7758075883172049
1.4504697947610747
0.987201014178733
1.842958812058491
1.2158759526151162
1.3178671646279407
1.0597200746620907
0.6068259841724969
0.9029185047456766
0.8006342611581585
1.3961719986435461
0.7462509022389116
0.7868410649850943
0.8071884627228584
0.9001626844902739
0.8247165273862498
0.8447597267560899
0.9470726251602173
0.8407587260007858
1.6815843526273966
1.7922082275617868
1.1422239177918527
0.6615586059873749
0.5891081199434666
0.5155174376779655
0.7589637028115122
1.0233579713672387
1.1040032093971215
0.8928169704731158
1.351987854649511
1.4140852057985374
1.4671600337949644
1.3893603036768045
0.7801163140667055
0.6830360542502008
0.6669041210830462
1.0778176295377533
0.9970882278183404
1.085249662281264
0.8357959806299451
0.7353635422343227
1.3197458900968169
0.7724074410328234
0.8809950154088779
0.8744891112973281
1.628076858588928
0.8648983829380659
0.8900520274059365
0.7788109019785465
0.6814848116006129
0.596796461899575
0.5252455327307775
0.4635065815569107
0.40602360854605846
0.4489622151235989
0.395721349215281
1.3259691436676189
0.7027874669217767
0.6159210498815516
1.3116252083306534
0.7297470093598601
0.6456488848454562
0.9518701702988105
0.8329195391939543
1.5025206889043903
0.7950371458926393
0.6961345186281969
1.3902267984194232
0.8196035340540014
1.3915513953291727
1.3917458132286629
1.5672798494075115
1.510313576288675
0.7929297969336496
0.805132518201648
0.9670664605904434
0.8461984416080229
0.7662859129611277
0.6705869284014573
0.5867751256523616
0.6626645563950961
0.5872407018191588
0.7598039857214789
0.9851389013437268
1.0370219719776865
1.0250859469665996
0.549946688662897
0.6539382687902094
1.0630928062134668
0.5581275975639804
1.1055722744706558
0.5928116171069666
0.520307778064833
0.45569637308654454
0.8235182417320223
0.8381924923535322
1.1233619709056235
1.34218444686153
0.7486348240279624
0.6560624914979474
0.6803540803902938
0.6992846991295014
0.8223099194432393
0.8993827548779009
1.5265481115641533
1.2216091684165327
1.1329050937417082
0.6176882129450182
0.8670184015082416
1.386654235322397
1.1683313102866595
1.025344016845656
1.1650414153091182
0.6130384220858253
0.5512504738973932
0.8823711119201221
1.3668645855628583
0.8529954705976094
1.5197577536155595
0.8314340503539793
1.1691302699432158
1.0780014581836588
0.7185953401886023
1.3543370118183167
1.3934047464511983
1.114244521467949
1.0737611670541356
1.0850549693013216
1.3418900272677459
1.0063363545388788
0.5290480109509502
0.47120202540353834
0.413917892566536
0.3625727387441321
1.0359030371558153
0.5472566622462898
0.6215169624210547
0.5589606336013483
0.9242775067537036
1.5545547576489924
0.8162406683132063
1.4128157645607375
0.8644704822526178
1.2750895622717913
0.669446666713305
0.5881168789826624
0.5149418069687927
0.5100370158301307
0.8354875764104922
0.733639961058552
1.1981415499029786
1.1976578700650307
1.25109967646569
0.7303380961738453
0.8707305487078549
1.698424350129749
0.9254398581646605
1.0177126137023054
1.0096375216039581
1.2163407838564213
1.1880736548717892
0.6660709306084552
0.9461199045181274
1.4323150962591171
1.2922965507954358
1.6408657815214247
1.0358451791338157
0.6617823013225512
1.464364203064581
1.0531301279174223
0.5796244208153228
0.5348894651849193
1.310433005204224
0.8996431964913728
1.5242245615516858
1.2127321939689166
0.6367557783957998
1.016035472108135
0.5704791220480551
1.0968735231357372
1.2253302402331152
0.6436799948605598
0.8541044604821616
1.588854202184892
1.7394258275536234
0.9137749363806303
0.8217161922254314
0.916103142005541
0.8016048225904959
0.6257356405258179
0.5557759553194046
1.4321548100560904
1.6253325081896035
1.0049242761672939
0.52865517816387
0.46761392649275146
0.40921377350121063
0.5071554711269901
0.9177645012196521
0.9275192090769154
0.9779922277020514
1.3155367668967657
1.2925132727288342
1.2132426821413782
0.6370517094624193
0.5707267145048214
0.6473491606378857
1.105938262254622
0.5872614194135655
0.5138788653446427
0.4662194926444731
0.4112709158699748
0.36035712756573235
0.31575105759627314
0.3503982563961134
0.3103179531921955
0.2723846383816263
0.23880049133653225
0.2090301511318528
0.33479073623092603
0.3095090350197025
1.2620929147402926
1.0963311110377565
0.5843394115647806
1.507668075531323
1.7805555047830337
1.9174707090532985
1.0071412406096862
1.343124611467943
0.7077106031057072
1.3829975692671765
1.6982557593114347
1.8297831977031394
0.9845901828434493
1.8575665889926873
1.806244721794403
0.9727184694625388
0.8515482476766179
1.696386860309875
1.5383599166193493
1.7868034969928281
1.5285416731099555
0.8038688750715695
0.9133674820458081
1.7154050524205753
0.9207081540390515
1.5895712749132596
1.7503743665798275
0.9510904631144282
0.8770969431584743
1.2053703224522332
0.6329372874724657
0.5538367860366222
0.4937386789662791
1.0571913365423935
1.3738301925905183
0.7686888630042482
1.3245208087557314
0.7183509853553497
0.9403905832457302
0.8233650891211419
0.7209915342130702
0.6308891693178451
1.2718298663194658
0.6918185532575084
0.620492108953454
0.5433702093918131
1.3753337532022725
0.7400760061157786
0.6488435646679415
0.571540150363059
0.5020298949420052
0.4435273103512474
1.1155041040005789
1.1916333427068406
0.7315741027165777
0.6430086284054479
1.5471512566533203
1.2159236478335083
0.9543541182032595
0.8350958844356189
0.74431815920183
0.6520694323447378
0.5783609747448218
1.0659160688135842
1.4888770380787308
1.6388362720177008
1.4805209526565524
1.3708511235119996
0.7366197905884286
1.4973708194199045
0.8244817362123719
1.666865983869358
1.7851249929413249
0.9412942222730469
1.6657272831081482
0.9209844394650603
1.406119556090308
1.325156750979089
0.69576081923503
0.8710739228166742
1.0797701141643428
0.6258928852517553
0.5664264030838266
1.4203119783735496
1.7063643005784865
0.8962276449134619
0.8106817415892419
0.8324429601527173
1.4180096943015659
1.1071849369395048
1.477309849289938
0.7756065655496112
0.684530050819426
1.2707361552686947
0.6707812459394351
1.2423423302406458
1.6347625822249108
0.858274257130633
0.7724555447238772
1.5005155106604922
0.7878083430345788
0.6893462774444563
0.7375512701896653
1.3411679178277003
1.4847753358527678
1.7020266159513042
1.7831768269015038
1.35366603525511
0.8377245318474031
1.5307159269982527
1.5622080364520672
0.9873415454541687
0.8700407789424721
1.0104936252525654
0.630852460861206
0.5820856690406799
1.4347162768244743
1.5020566022023558
0.8385246235830709
0.737160065160715
0.6468096634628454
0.5663300606878419
0.5437839648736359
0.921910280377789
1.4153816055180959
0.7661961336169862
0.8818646835118478
1.158336221772055
1.349628264992188
0.7089580049381594
0.628882907974988
0.7268938921439012
1.3984791551757794
0.7375745535128011
0.6459050268137064
0.8551780957905606
0.7513831959726548
0.7457361760975787
1.0999152238504724
0.5823231952440474
1.5029662117282814
1.6877407495263357
1.7873638469620197
1.8769914745577094
0.9864391079173641
1.8055023095804341
0.9500326916022988
1.628805739570499
1.8391101062463135
1.9125676415947441
1.0226279038050141
1.5359860566631598
1.6647887330623679
0.8929803424299172
0.7817523823745907
1.6309421661741412
1.8350544707680354
1.5376740243802387
0.8097242923631476
0.9055342039016316
1.7530654709020257
0.9740011385333015
1.450014892205103
1.7228183061548714
0.9454905567666927
0.884449892326038
1.258635015734395
0.6608680516584609
0.5782696481884426
0.5193662908472909
0.6517394118953255
0.9661679731575095
1.2361023533763005
0.7095040377896323
0.6237787713414562
1.3265214136322703
1.2521421044883323
0.7441948198431756
0.8985835959772043
0.8338602303442658
1.5194972484414913
0.7998093731979724
0.7148123554197621
0.6318206563921483
1.4591547055458276
0.9264926718466486
1.7866863440418124
1.8454509930059846
0.9692751295396591
1.5773871502429537
0.8931118602160517
1.565100983806294
0.8216836491372356
1.1165543232612707
0.6964277538640073
0.6767784057915136
1.5853492802880638
0.9286768936031835
1.7766112228283837
1.4580712242450333
0.772710790222005
0.676151207324839
0.6839286385301295
1.157834898534725
0.8470518140288569
1.4255464578425716
0.7904712224996896
1.1059900603564787
0.7347972346328606
0.8834130425115472
1.4356112481656214
0.7541238368341161
0.6698523574263084
0.7032496617775609
1.5445734288020698
1.3819165869062124
1.5963985540310655
0.9068980077272712
1.638624894315531
0.8668958838180982
1.2801260385385898
1.0423174085788594
0.6544151460976053
0.8942056433726666
0.7838786884469939
0.9695318826817233
1.3938450865631218
1.6453815130054532
1.3130876153231936
1.4083592974144885
1.2317510409727
1.026782540567369
1.0616830614666308
0.6276829942481306
0.5520754174753539
1.193736461482341
0.6267612631450045
0.5493632528596822
0.7100033587949466
0.7391376344755161
0.6855572032278289
0.5998745035556278
0.5263283910849597
0.46536874569322095
1.391754506252778
1.507383891013116
0.8712767181149089
0.7758075883172049
1.4504697947610747
0.987201014178733
1.842958812058491
1.2158759526151162
1.3178671646279407
1.0597200746620907
0.6068259841724969
0.9029185047456766
0.8006342611581585
1.3961719986435461
0.7462509022389116
0.7868410649850943
0.8071884627228584
0.9001626844902739
0.8247165273862498
0.8447597267560899
0.9470726251602173
0.8407587260007858
1.6815843526273966
1.7922082275617868
1.1422239177918527
0.6615586059873749
0.5891081199434666
0.5155174376779655
0.7589637028115122
0.6257356405258179
0.5557759553194046
1.4321548100560904
1.6253325081896035
1.0049242761672939
0.52865517816387
0.46761392649275146
0.40921377350121063
0.5071554711269901
0.9177645012196521
0.9275192090769154
0.9779922277020514
1.3155367668967657
1.2925132727288342
1.2132426821413782
0.6370517094624193
0.5707267145048214
0.6473491606378857
1.105938262254622
0.5872614194135655
0.5138788653446427
0.4662194926444731
0.4112709158699748
0.36035712756573235
0.31575105759627314
0.3503982563961134
0.3103179531921955
0.2723846383816263
