0.6257356405258179
0.5557759553194046
1.4321548100560904
0.9370022750925272
0.8638669768872205
0.8055629437083552
1.1442253631154926
0.6113097629889966
0.5349207189383091
0.4802767568195098
0.42275327609913593
0.3704729169216744
0.32463548366289513
0.3270449147726449
0.2895054387889488
0.2541996461015851
0.22293910822562096
0.19513445358604445
0.38419987364102376
0.5594077547694529
1.4760147119827196
1.1986789561574898
0.6391090616647652
1.5579658107887924
1.800667565304924
1.9300337470078635
2.0103926275337427
1.9879756249424279
1.0465731407855094
1.4419228084354028
0.7895619849285407
1.1095019859503514
0.6397084353641841
0.7787261767677119
0.6838453181639507
0.9762688599078153
0.8552079704197504
0.756314828340533
1.6019364645593188
1.2305814858793447
1.0802484143945172
1.1747762868121874
1.5700154689342476
1.7845294200758253
0.9389688764785289
0.8312547624536096
1.5936831899359098
1.6030153473848097
0.8532402357789721
0.9386361401444913
0.821604049803859
0.719666125403633
0.8849224912856435
0.784674543566268
0.7641940724088908
0.6897092098822087
1.358482798484579
0.7132092210526249
0.6244467801119494
1.2088844595335333
0.6360801005801324
1.0963610759760607
1.4844912563241994
0.7833635503153676
0.9102065297303686
0.7969432538544962
0.6973558348984867
1.2962312869479191
0.6813105911444837
1.2438634086775098
0.6668194334498881
0.5890190577201903
0.5158256569237761
1.3610574994375155
0.7897449266704092
1.0639708976266928
0.7070816470848548
0.7576526303548266
0.6638353826628445
1.31921386140317
0.6926777868897558
0.606494381601809
0.8325558804008352
1.641239500514305
0.8617443170623075
0.7540434137648919
0.8778314931897577
0.7681245506549601
0.6735195853463445
1.1658808957420468
1.4664422690583674
1.325174678400113
0.696257081869593
0.6256610764443198
0.5638089862174693
0.4938869179157953
1.3264257647852076
0.6257356405258179
0.5557759553194046
1.4321548100560904
1.6253325081896035
1.0049242761672939
0.52865517816387
0.46761392649275146
0.40921377350121063
0.5071554711269901
0.9177645012196521
0.9275192090769154
0.9779922277020514
1.3155367668967657
1.2925132727288342
1.2132426821413782
0.6370517094624193
0.5707267145048214
0.6473491606378857
1.105938262254622
0.5872614194135655
0.5138788653446427
0.4662194926444731
0.4112709158699748
0.36035712756573235
0.31575105759627314
0.3503982563961134
0.3103179531921955
0.2723846383816263
0.23880049133653225
0.2090301511318528
0.33479073623092603
0.3095090350197025
1.2620929147402926
1.0963311110377565
0.5843394115647806
1.507668075531323
1.7805555047830337
1.9174707090532985
1.0071412406096862
1.343124611467943
0.7077106031057072
1.3829975692671765
1.6982557593114347
1.8297831977031394
0.9845901828434493
1.8575665889926873
1.806244721794403
0.9727184694625388
0.8515482476766179
1.696386860309875
1.5383599166193493
1.7868034969928281
1.5285416731099555
0.8038688750715695
0.9133674820458081
1.7154050524205753
0.9207081540390515
1.5895712749132596
1.7503743665798275
0.9510904631144282
0.8770969431584743
1.2053703224522332
0.6329372874724657
0.5538367860366222
0.4937386789662791
1.0571913365423935
1.3738301925905183
0.7686888630042482
1.3245208087557314
0.7183509853553497
0.9403905832457302
0.8233650891211419
0.7209915342130702
0.6308891693178451
1.2718298663194658
0.6918185532575084
0.620492108953454
0.5433702093918131
1.3753337532022725
0.7400760061157786
0.6488435646679415
0.571540150363059
0.5020298949420052
0.4435273103512474
1.1155041040005789
1.1916333427068406
0.7315741027165777
0.6430086284054479
1.5471512566533203
1.2159236478335083
0.9543541182032595
0.8350958844356189
0.74431815920183
0.6520694323447378
0.5783609747448218
1.0659160688135842
1.4888770380787308
1.6388362720177008
1.4805209526565524
1.3708511235119996
0.7366197905884286
1.4973708194199045
0.8244817362123719
1.666865983869358
1.7851249929413249
0.9412942222730469
1.6657272831081482
0.9209844394650603
1.406119556090308
1.325156750979089
0.69576081923503
0.8710739228166742
1.0797701141643428
0.6258928852517553
0.5664264030838266
1.4203119783735496
1.7063643005784865
0.8962276449134619
0.8106817415892419
0.8324429601527173
1.4180096943015659
1.1071849369395048
1.477309849289938
0.7756065655496112
0.684530050819426
1.2707361552686947
0.6707812459394351
1.2423423302406458
1.6347625822249108
0.858274257130633
0.7724555447238772
1.5005155106604922
0.7878083430345788
0.6893462774444563
0.7375512701896653
1.3411679178277003
1.4847753358527678
1.7020266159513042
1.7831768269015038
1.35366603525511
0.8377245318474031
1.5307159269982527
1.5622080364520672
0.9873415454541687
0.8700407789424721
1.0104936252525654
0.630852460861206
0.5820856690406799
1.4347162768244743
1.5020566022023558
0.8385246235830709
0.737160065160715
0.6468096634628454
0.5663300606878419
0.5437839648736359
0.921910280377789
1.4153816055180959
0.7661961336169862
0.8818646835118478
1.158336221772055
1.349628264992188
0.7089580049381594
0.628882907974988
0.7268938921439012
1.3984791551757794
0.7375745535128011
0.6459050268137064
0.8551780957905606
0.7513831959726548
0.7457361760975787
1.0999152238504724
0.5823231952440474
1.5029662117282814
1.6877407495263357
1.7873638469620197
1.8769914745577094
0.9864391079173641
1.8055023095804341
0.9500326916022988
1.628805739570499
1.8391101062463135
1.9125676415947441
1.0226279038050141
1.5359860566631598
1.6647887330623679
0.8929803424299172
0.7817523823745907
1.6309421661741412
1.8350544707680354
1.5376740243802387
0.8097242923631476
0.9055342039016316
1.7530654709020257
0.9740011385333015
1.450014892205103
1.7228183061548714
0.9454905567666927
0.884449892326038
1.258635015734395
0.6608680516584609
0.5782696481884426
0.5193662908472909
0.6517394118953255
0.9661679731575095
1.2361023533763005
0.7095040377896323
0.6237787713414562
1.3265214136322703
1.2521421044883323
0.7441948198431756
0.8985835959772043
0.8338602303442658
1.5194972484414913
0.7998093731979724
0.7148123554197621
0.6318206563921483
1.4591547055458276
0.9264926718466486
1.7866863440418124
1.8454509930059846
0.9692751295396591
1.5773871502429537
0.8931118602160517
1.565100983806294
0.8216836491372356
1.1165543232612707
0.6964277538640073
0.6767784057915136
1.5853492802880638
0.9286768936031835
1.7766112228283837
1.4580712242450333
0.772710790222005
0.676151207324839
0.6839286385301295
1.157834898534725
0.8470518140288569
1.4255464578425716
0.7904712224996896
1.1059900603564787
0.7347972346328606
0.8834130425115472
1.4356112481656214
0.7541238368341161
0.6698523574263084
0.7032496617775609
1.5445734288020698
1.3819165869062124
1.5963985540310655
0.9068980077272712
1.638624894315531
0.8668958838180982
1.2801260385385898
1.0423174085788594
0.6544151460976053
0.8942056433726666
0.7838786884469939
0.9695318826817233
1.3938450865631218
1.6453815130054532
1.3130876153231936
1.4083592974144885
1.2317510409727
1.026782540567369
1.0616830614666308
0.6276829942481306
0.5520754174753539
1.193736461482341
0.6267612631450045
0.5493632528596822
0.7100033587949466
0.7391376344755161
0.6855572032278289
0.5998745035556278
0.5263283910849597
0.46536874569322095
1.391754506252778
1.507383891013116
0.8712767181149089
0.7758075883172049
1.4504697947610747
0.987201014178733
1.842958812058491
1.2158759526151162
1.3178671646279407
1.0597200746620907
0.6068259841724969
0.9029185047456766
0.8006342611581585
